2.0,"2019-08-01 01:11:32.000000","2019-08-01 01:13:08.000000",1.0,0.0,5.0,N,79.0,79.0,1.0,100.0,0.0,0.5,10.0,0.0,0.3,110.8,0.0
1.0,"2019-08-01 06:36:34.000000","2019-08-01 07:14:07.000000",1.0,20.2,3.0,N,162.0,1.0,1.0,73.5,0.0,0.0,18.45,18.62,0.3,110.87,0.0
2.0,"2019-08-01 06:54:33.000000","2019-08-01 07:29:52.000000",1.0,19.41,3.0,N,164.0,1.0,1.0,72.0,0.0,0.0,18.45,19.97,0.3,110.72,0.0
2.0,"2019-08-01 06:26:00.000000","2019-08-01 06:57:48.000000",1.0,20.91,3.0,N,142.0,1.0,1.0,73.5,0.0,0.0,18.46,18.5,0.3,110.76,0.0
2.0,"2019-08-01 07:41:29.000000","2019-08-01 08:37:16.000000",2.0,18.59,3.0,N,162.0,1.0,1.0,76.5,0.0,0.0,18.46,15.5,0.3,110.76,0.0
2.0,"2019-08-01 10:49:32.000000","2019-08-01 12:20:39.000000",1.0,38.17,1.0,N,135.0,44.0,1.0,110.5,0.0,0.5,0.0,12.24,0.3,123.54,0.0
2.0,"2019-08-01 10:10:19.000000","2019-08-01 12:04:56.000000",2.0,0.0,5.0,N,100.0,265.0,1.0,98.0,0.0,0.0,10.0,0.0,0.0,110.5,2.5
2.0,"2019-08-01 14:55:03.000000","2019-08-01 16:03:43.000000",1.0,30.78,1.0,N,132.0,200.0,1.0,85.5,0.0,0.5,18.48,6.12,0.3,110.9,0.0
2.0,"2019-08-01 14:01:34.000000","2019-08-01 14:48:44.000000",3.0,19.62,3.0,N,48.0,1.0,1.0,75.5,0.0,0.0,18.46,16.5,0.3,110.76,0.0
1.0,"2019-08-01 14:54:18.000000","2019-08-01 16:06:00.000000",1.0,34.9,3.0,N,132.0,265.0,2.0,110.5,0.0,0.0,0.0,12.24,0.3,123.04,0.0
2.0,"2019-08-01 16:17:32.000000","2019-08-01 17:35:15.000000",2.0,20.88,1.0,N,170.0,110.0,1.0,67.0,1.0,0.5,17.93,18.36,0.3,107.59,2.5
2.0,"2019-08-01 16:21:17.000000","2019-08-01 17:33:14.000000",1.0,15.52,3.0,N,186.0,1.0,1.0,78.0,1.0,0.0,18.36,12.5,0.3,110.16,0.0
1.0,"2019-08-01 16:39:45.000000","2019-08-01 17:32:43.000000",1.0,16.8,3.0,N,48.0,1.0,1.0,71.0,1.0,0.0,12.7,25.0,0.3,110.0,0.0
2.0,"2019-08-01 17:47:11.000000","2019-08-01 18:50:47.000000",2.0,20.02,3.0,N,161.0,1.0,1.0,80.0,1.0,0.0,10.0,19.0,0.3,110.3,0.0
2.0,"2019-08-01 17:11:19.000000","2019-08-01 18:45:31.000000",2.0,27.51,5.0,N,132.0,265.0,2.0,110.0,0.0,0.0,0.0,18.62,0.3,128.92,0.0
2.0,"2019-08-01 17:37:14.000000","2019-08-01 18:54:38.000000",2.0,13.3,3.0,N,144.0,1.0,1.0,76.0,1.0,0.0,18.46,15.0,0.3,110.76,0.0
2.0,"2019-08-01 18:02:18.000000","2019-08-01 19:12:54.000000",6.0,35.33,3.0,N,132.0,1.0,2.0,110.5,1.0,0.0,0.0,24.74,0.3,136.54,0.0
2.0,"2019-08-01 18:38:11.000000","2019-08-01 19:23:28.000000",1.0,30.74,5.0,N,129.0,265.0,1.0,110.0,0.0,0.0,29.1,6.12,0.3,145.52,0.0
2.0,"2019-08-01 17:57:39.000000","2019-08-01 19:12:32.000000",1.0,0.0,5.0,N,113.0,170.0,1.0,85.0,0.0,0.5,22.0,0.0,0.0,110.0,2.5
2.0,"2019-08-01 19:08:46.000000","2019-08-01 20:17:59.000000",1.0,32.16,1.0,N,132.0,80.0,1.0,90.0,1.0,0.5,18.36,0.0,0.3,110.16,0.0
2.0,"2019-08-01 20:50:37.000000","2019-08-01 21:45:10.000000",1.0,33.16,4.0,N,132.0,265.0,1.0,110.0,0.5,0.5,24.71,12.24,0.3,148.25,0.0
1.0,"2019-08-01 20:50:43.000000","2019-08-01 21:05:43.000000",1.0,6.9,5.0,N,246.0,265.0,1.0,100.0,0.0,0.0,10.0,0.0,0.3,110.3,0.0
1.0,"2019-08-01 20:53:41.000000","2019-08-01 21:46:11.000000",1.0,23.4,5.0,N,142.0,265.0,1.0,110.0,0.0,0.0,25.0,10.5,0.3,145.8,0.0
2.0,"2019-08-01 21:28:27.000000","2019-08-01 22:06:59.000000",4.0,19.99,5.0,N,138.0,265.0,2.0,110.0,0.0,0.0,0.0,16.62,0.3,126.92,0.0
2.0,"2019-08-01 23:16:16.000000","2019-08-01 23:16:23.000000",1.0,0.0,5.0,N,68.0,264.0,1.0,100.0,0.0,0.0,10.0,0.0,0.3,110.3,0.0
2.0,"2019-08-02 00:49:18.000000","2019-08-02 00:49:25.000000",1.0,0.0,5.0,N,265.0,264.0,1.0,100.0,0.0,0.5,10.0,0.0,0.3,110.8,0.0
1.0,"2019-08-02 01:46:52.000000","2019-08-02 01:48:54.000000",1.0,1.8,5.0,N,265.0,265.0,1.0,110.0,0.0,0.0,20.0,0.0,0.3,130.3,0.0
1.0,"2019-08-02 01:07:01.000000","2019-08-02 01:07:45.000000",1.0,0.3,5.0,Y,265.0,265.0,1.0,110.0,0.0,0.0,5.0,0.0,0.3,115.3,0.0
2.0,"2019-08-02 01:40:36.000000","2019-08-02 01:40:41.000000",4.0,0.0,5.0,N,264.0,264.0,1.0,110.0,0.0,0.5,10.0,0.0,0.3,120.8,0.0
1.0,"2019-08-02 04:18:42.000000","2019-08-02 04:45:17.000000",1.0,14.5,5.0,N,48.0,1.0,1.0,85.0,0.0,0.0,15.0,10.5,0.3,110.8,0.0
2.0,"2019-08-02 04:04:03.000000","2019-08-02 04:29:44.000000",2.0,19.63,3.0,N,164.0,1.0,1.0,70.5,0.5,0.0,25.41,13.4,0.3,110.11,0.0
1.0,"2019-08-02 04:55:48.000000","2019-08-02 05:40:18.000000",1.0,31.8,1.0,N,132.0,265.0,1.0,84.5,0.5,0.5,18.35,6.12,0.3,110.27,0.0
1.0,"2019-08-02 06:59:32.000000","2019-08-02 07:16:15.000000",1.0,9.5,5.0,N,158.0,265.0,1.0,79.0,0.0,0.0,18.35,12.5,0.3,110.15,0.0
1.0,"2019-08-02 07:54:30.000000","2019-08-02 09:00:23.000000",1.0,18.6,5.0,N,215.0,265.0,1.0,93.78,0.0,0.0,10.0,6.12,0.3,110.2,0.0
2.0,"2019-08-02 07:32:31.000000","2019-08-02 07:32:56.000000",1.0,0.0,5.0,N,265.0,265.0,1.0,110.0,0.0,0.5,22.16,0.0,0.3,132.96,0.0
2.0,"2019-08-02 09:34:18.000000","2019-08-02 10:14:40.000000",1.0,19.78,3.0,N,164.0,1.0,1.0,73.0,0.0,0.0,18.34,18.4,0.3,110.04,0.0
2.0,"2019-08-02 09:39:01.000000","2019-08-02 10:41:28.000000",1.0,18.81,2.0,N,161.0,132.0,1.0,52.0,0.0,0.5,110.0,6.12,0.3,171.42,2.5
1.0,"2019-08-02 10:47:29.000000","2019-08-02 10:47:59.000000",3.0,2.0,5.0,N,265.0,265.0,1.0,100.0,0.0,0.0,10.0,0.0,0.3,110.3,0.0
2.0,"2019-08-02 12:08:26.000000","2019-08-02 12:09:17.000000",1.0,0.01,5.0,N,264.0,264.0,1.0,110.0,0.0,0.5,15.0,0.0,0.3,125.8,0.0
2.0,"2019-08-02 12:48:29.000000","2019-08-02 13:55:16.000000",1.0,22.81,4.0,N,237.0,265.0,1.0,75.5,0.0,0.5,25.48,6.12,0.3,110.4,2.5
2.0,"2019-08-02 13:25:26.000000","2019-08-02 14:19:11.000000",1.0,17.55,3.0,N,170.0,1.0,1.0,74.0,0.0,0.0,18.36,17.5,0.3,110.16,0.0
2.0,"2019-08-02 13:02:34.000000","2019-08-02 14:28:31.000000",1.0,21.97,5.0,N,249.0,265.0,2.0,110.5,0.0,0.0,0.0,16.62,0.3,129.92,2.5
2.0,"2019-08-02 14:09:09.000000","2019-08-02 14:10:12.000000",1.0,0.0,5.0,N,1.0,1.0,1.0,75.0,0.0,0.5,18.36,16.0,0.3,110.16,0.0
1.0,"2019-08-02 17:09:04.000000","2019-08-02 17:09:41.000000",1.0,0.0,5.0,N,265.0,265.0,1.0,105.0,0.0,0.0,5.0,0.0,0.3,110.3,0.0
1.0,"2019-08-02 18:21:32.000000","2019-08-02 19:33:37.000000",1.0,33.8,3.0,N,132.0,265.0,1.0,110.0,1.0,0.0,0.0,24.74,0.3,136.04,0.0
2.0,"2019-08-02 18:56:26.000000","2019-08-02 19:44:57.000000",3.0,19.16,5.0,N,132.0,265.0,1.0,93.0,0.0,0.5,8.0,6.12,0.3,110.42,2.5
2.0,"2019-08-02 19:45:55.000000","2019-08-02 20:45:52.000000",2.0,37.92,5.0,N,132.0,265.0,1.0,110.0,0.0,0.0,10.0,24.74,0.3,145.04,0.0
2.0,"2019-08-02 19:06:52.000000","2019-08-02 19:41:31.000000",6.0,19.24,3.0,N,230.0,1.0,1.0,70.0,1.0,0.0,18.36,20.5,0.3,110.16,0.0
2.0,"2019-08-02 20:37:32.000000","2019-08-02 21:23:03.000000",2.0,25.29,5.0,N,132.0,265.0,2.0,110.0,0.0,0.5,0.0,6.12,0.3,116.92,0.0
1.0,"2019-08-02 20:47:11.000000","2019-08-02 20:47:53.000000",2.0,7.8,5.0,N,265.0,265.0,1.0,110.0,0.0,0.0,0.0,0.0,0.3,110.3,0.0
1.0,"2019-08-02 22:02:16.000000","2019-08-02 22:50:15.000000",1.0,25.8,4.0,N,132.0,265.0,1.0,84.5,0.5,0.5,18.35,6.12,0.3,110.27,0.0
2.0,"2019-08-02 23:14:27.000000","2019-08-03 01:00:27.000000",3.0,27.99,1.0,N,231.0,216.0,1.0,97.0,0.5,0.5,10.0,0.0,0.3,110.8,2.5
1.0,"2019-08-02 23:14:55.000000","2019-08-03 00:09:33.000000",2.0,28.8,5.0,Y,13.0,265.0,2.0,110.0,0.0,0.0,0.0,0.0,0.3,110.3,0.0
2.0,"2019-08-03 01:55:43.000000","2019-08-03 02:26:17.000000",2.0,15.64,5.0,N,246.0,265.0,1.0,110.0,0.0,0.0,24.66,10.5,0.3,147.96,2.5
2.0,"2019-08-03 01:22:58.000000","2019-08-03 01:41:32.000000",1.0,6.93,1.0,N,166.0,170.0,1.0,22.0,0.5,0.5,85.0,0.0,0.3,110.8,2.5
2.0,"2019-08-03 02:22:56.000000","2019-08-03 03:00:14.000000",1.0,26.43,5.0,N,162.0,265.0,1.0,110.0,0.0,0.5,8.0,0.0,0.3,121.3,2.5
1.0,"2019-08-03 04:14:32.000000","2019-08-03 04:16:12.000000",1.0,0.1,5.0,N,1.0,1.0,1.0,110.0,0.0,0.0,0.0,0.0,0.3,110.3,0.0
1.0,"2019-08-03 07:39:26.000000","2019-08-03 07:51:40.000000",1.0,6.4,5.0,N,164.0,265.0,1.0,79.0,0.0,0.0,15.0,16.5,0.3,110.8,0.0
1.0,"2019-08-03 09:50:31.000000","2019-08-03 10:44:46.000000",1.0,17.4,5.0,N,164.0,265.0,2.0,100.0,0.0,0.0,0.0,10.5,0.3,110.8,0.0
2.0,"2019-08-03 11:52:33.000000","2019-08-03 12:53:09.000000",2.0,11.34,5.0,N,223.0,265.0,2.0,85.0,0.0,0.5,0.0,24.74,0.3,110.54,0.0
2.0,"2019-08-03 15:11:26.000000","2019-08-03 16:16:59.000000",1.0,20.58,3.0,N,164.0,1.0,2.0,87.5,0.0,0.0,0.0,22.5,0.3,110.3,0.0
2.0,"2019-08-03 15:52:59.000000","2019-08-03 16:51:57.000000",2.0,19.14,3.0,N,229.0,1.0,1.0,79.0,0.0,0.0,18.36,12.5,0.3,110.16,0.0
1.0,"2019-08-03 16:35:44.000000","2019-08-03 17:30:31.000000",1.0,18.3,3.0,N,163.0,1.0,1.0,73.5,0.0,0.0,18.45,18.5,0.3,110.75,0.0
1.0,"2019-08-03 16:33:50.000000","2019-08-03 17:13:42.000000",2.0,16.7,3.0,N,48.0,1.0,1.0,67.5,0.0,0.0,22.05,20.5,0.3,110.35,0.0
2.0,"2019-08-03 17:17:11.000000","2019-08-03 17:59:17.000000",1.0,17.43,3.0,N,230.0,1.0,1.0,70.0,0.0,0.0,22.05,17.9,0.3,110.25,0.0
2.0,"2019-08-03 17:46:06.000000","2019-08-03 18:17:13.000000",1.0,23.24,4.0,N,138.0,265.0,1.0,85.5,0.0,0.5,18.48,6.12,0.3,110.9,0.0
2.0,"2019-08-03 19:16:41.000000","2019-08-03 20:13:17.000000",1.0,23.74,5.0,N,70.0,206.0,1.0,100.0,0.0,0.0,10.0,0.0,0.3,110.3,0.0
1.0,"2019-08-03 19:53:22.000000","2019-08-03 20:24:41.000000",2.0,18.7,3.0,N,100.0,1.0,1.0,69.0,0.5,0.0,25.4,15.0,0.3,110.2,0.0
2.0,"2019-08-03 20:29:23.000000","2019-08-03 21:32:37.000000",1.0,37.15,4.0,N,132.0,265.0,1.0,110.0,0.5,0.5,0.0,22.74,0.3,134.04,0.0
1.0,"2019-08-03 22:28:58.000000","2019-08-03 22:29:32.000000",1.0,1.3,5.0,N,265.0,265.0,1.0,110.0,0.0,0.0,0.0,0.0,0.3,110.3,0.0
2.0,"2019-08-03 22:04:50.000000","2019-08-03 23:10:36.000000",1.0,29.1,5.0,N,132.0,265.0,1.0,110.0,0.0,0.0,22.0,10.5,0.3,142.8,0.0
2.0,"2019-08-03 22:03:30.000000","2019-08-03 23:00:37.000000",1.0,26.55,1.0,N,132.0,251.0,1.0,74.5,0.5,0.5,22.01,12.24,0.3,110.05,0.0
2.0,"2019-08-04 00:00:04.000000","2019-08-04 00:57:44.000000",1.0,23.94,5.0,N,132.0,265.0,1.0,110.0,0.0,0.5,24.76,10.5,0.3,148.56,2.5
1.0,"2019-08-04 00:42:00.000000","2019-08-04 01:25:00.000000",1.0,29.8,4.0,N,132.0,265.0,2.0,103.0,0.5,0.5,0.0,6.12,0.3,110.42,0.0
2.0,"2019-08-04 01:09:11.000000","2019-08-04 01:46:39.000000",1.0,20.32,5.0,N,125.0,265.0,1.0,110.0,0.0,0.0,7.76,15.5,0.3,136.06,2.5
2.0,"2019-08-04 02:10:37.000000","2019-08-04 02:15:28.000000",1.0,1.11,1.0,N,138.0,70.0,1.0,5.5,0.5,0.5,110.0,0.0,0.3,116.8,0.0
1.0,"2019-08-04 02:22:48.000000","2019-08-04 02:54:43.000000",1.0,22.9,4.0,N,138.0,265.0,1.0,91.0,0.5,0.5,18.45,0.0,0.3,110.75,0.0
1.0,"2019-08-04 04:18:20.000000","2019-08-04 04:47:48.000000",4.0,21.5,3.0,N,163.0,1.0,1.0,74.0,0.5,0.0,18.4,17.45,0.3,110.65,0.0
1.0,"2019-08-04 04:10:22.000000","2019-08-04 04:46:05.000000",3.0,25.1,5.0,N,138.0,1.0,1.0,100.0,0.0,0.0,0.0,10.5,0.3,110.8,0.0
2.0,"2019-08-04 06:28:57.000000","2019-08-04 07:16:15.000000",1.0,20.1,3.0,N,238.0,1.0,1.0,79.0,0.0,0.0,18.36,12.5,0.3,110.16,0.0
2.0,"2019-08-04 12:40:23.000000","2019-08-04 13:20:19.000000",1.0,20.84,3.0,N,233.0,1.0,1.0,75.5,0.0,0.0,18.36,16.0,0.3,110.16,0.0
2.0,"2019-08-04 14:05:41.000000","2019-08-04 14:50:55.000000",5.0,20.17,3.0,N,236.0,1.0,1.0,74.5,0.0,0.0,18.38,17.1,0.3,110.28,0.0
2.0,"2019-08-04 14:55:26.000000","2019-08-04 15:46:40.000000",1.0,18.44,3.0,N,162.0,1.0,1.0,74.0,0.0,0.0,18.36,17.5,0.3,110.16,0.0
1.0,"2019-08-04 14:43:32.000000","2019-08-04 15:42:21.000000",1.0,21.9,3.0,N,43.0,1.0,1.0,82.0,0.0,0.0,15.2,12.5,0.3,110.0,0.0
2.0,"2019-08-04 14:14:33.000000","2019-08-04 14:53:29.000000",5.0,13.81,5.0,N,132.0,265.0,1.0,100.0,0.0,0.5,10.0,0.0,0.3,110.8,0.0
2.0,"2019-08-04 15:32:58.000000","2019-08-04 16:57:25.000000",1.0,20.16,5.0,N,132.0,265.0,1.0,110.0,2.5,0.5,26.38,18.62,0.3,158.3,0.0
1.0,"2019-08-04 16:49:02.000000","2019-08-04 18:05:19.000000",1.0,23.9,1.0,N,265.0,138.0,1.0,76.0,2.5,0.5,18.35,12.5,0.3,110.15,2.5
2.0,"2019-08-04 16:11:58.000000","2019-08-04 17:03:01.000000",3.0,15.49,3.0,N,232.0,1.0,1.0,69.5,0.0,0.0,22.08,18.5,0.3,110.38,0.0
1.0,"2019-08-04 18:00:29.000000","2019-08-04 19:09:08.000000",2.0,34.2,3.0,N,132.0,265.0,1.0,110.0,0.0,0.0,15.0,6.12,0.3,131.42,0.0
2.0,"2019-08-04 20:03:10.000000","2019-08-04 21:17:09.000000",5.0,22.8,5.0,N,132.0,265.0,2.0,90.25,0.0,0.5,0.0,16.62,0.3,110.17,2.5
2.0,"2019-08-04 21:17:12.000000","2019-08-04 21:17:14.000000",1.0,0.0,5.0,N,264.0,264.0,1.0,110.0,0.0,0.0,20.0,0.0,0.3,130.3,0.0
2.0,"2019-08-04 22:10:03.000000","2019-08-04 22:10:43.000000",1.0,0.0,5.0,N,265.0,265.0,1.0,110.0,0.0,0.0,10.0,0.0,0.3,120.3,0.0
1.0,"2019-08-04 22:42:27.000000","2019-08-04 23:19:27.000000",1.0,25.1,5.0,N,132.0,265.0,2.0,110.0,0.0,0.0,0.0,6.12,0.3,116.42,0.0
2.0,"2019-08-05 05:57:51.000000","2019-08-05 06:35:11.000000",3.0,21.1,3.0,N,166.0,1.0,1.0,76.0,0.5,0.0,18.35,14.95,0.3,110.1,0.0
2.0,"2019-08-05 05:00:28.000000","2019-08-05 05:31:49.000000",1.0,20.87,3.0,N,163.0,1.0,1.0,73.5,0.5,0.0,18.4,17.7,0.3,110.4,0.0
1.0,"2019-08-05 07:38:37.000000","2019-08-05 08:13:41.000000",3.0,16.0,5.0,N,161.0,1.0,1.0,110.0,0.0,0.0,22.05,0.0,0.3,132.35,0.0
2.0,"2019-08-05 07:58:55.000000","2019-08-05 08:52:23.000000",1.0,18.61,3.0,N,162.0,1.0,1.0,74.5,0.0,0.0,18.46,17.5,0.3,110.76,0.0
2.0,"2019-08-05 09:01:05.000000","2019-08-05 10:40:04.000000",1.0,21.4,5.0,N,132.0,265.0,2.0,110.0,0.0,0.5,0.0,10.5,0.3,123.8,2.5
2.0,"2019-08-05 12:24:54.000000","2019-08-05 13:02:17.000000",1.0,19.54,3.0,N,100.0,1.0,1.0,72.0,0.0,0.0,18.36,19.5,0.3,110.16,0.0
1.0,"2019-08-05 12:49:22.000000","2019-08-05 12:49:54.000000",3.0,27.9,5.0,N,265.0,265.0,1.0,110.92,0.0,0.0,10.0,0.0,0.3,121.22,0.0
1.0,"2019-08-05 13:09:04.000000","2019-08-05 14:48:10.000000",3.0,19.7,5.0,N,132.0,265.0,1.0,110.0,0.0,0.0,24.15,10.5,0.3,144.95,0.0
1.0,"2019-08-05 15:42:12.000000","2019-08-05 16:59:37.000000",0.0,23.9,5.0,N,233.0,1.0,1.0,110.0,0.0,0.0,26.55,22.5,0.3,159.35,0.0
2.0,"2019-08-05 16:03:20.000000","2019-08-05 17:10:34.000000",1.0,18.3,3.0,N,163.0,1.0,1.0,78.5,1.0,0.0,18.46,12.5,0.3,110.76,0.0
1.0,"2019-08-05 17:02:18.000000","2019-08-05 17:55:42.000000",1.0,16.6,3.0,N,230.0,1.0,1.0,71.5,1.0,0.0,25.55,12.5,0.3,110.85,0.0
1.0,"2019-08-05 18:49:19.000000","2019-08-05 19:50:46.000000",1.0,23.6,5.0,Y,68.0,265.0,2.0,110.0,0.0,0.0,0.0,12.5,0.3,122.8,0.0
1.0,"2019-08-05 19:35:42.000000","2019-08-05 20:33:08.000000",1.0,17.6,3.0,N,100.0,1.0,1.0,76.0,0.5,0.0,18.35,15.0,0.3,110.15,0.0
2.0,"2019-08-05 20:58:03.000000","2019-08-05 21:33:44.000000",1.0,20.85,5.0,N,132.0,81.0,1.0,85.5,0.0,0.5,18.48,6.12,0.3,110.9,0.0
1.0,"2019-08-05 21:08:56.000000","2019-08-05 21:09:40.000000",6.0,0.0,5.0,N,65.0,65.0,1.0,110.0,0.0,0.0,0.01,0.0,0.3,110.31,0.0
1.0,"2019-08-06 00:28:05.000000","2019-08-06 00:53:53.000000",1.0,9.3,5.0,N,265.0,239.0,1.0,92.0,0.0,0.0,18.45,0.0,0.3,110.75,0.0
1.0,"2019-08-06 01:15:35.000000","2019-08-06 01:15:57.000000",2.0,0.0,5.0,N,265.0,265.0,1.0,100.0,0.0,0.0,10.0,0.0,0.3,110.3,0.0
2.0,"2019-08-06 02:21:48.000000","2019-08-06 03:16:23.000000",1.0,23.93,5.0,N,132.0,265.0,2.0,110.0,0.0,0.5,0.0,10.5,0.3,123.8,2.5
1.0,"2019-08-06 04:17:52.000000","2019-08-06 04:18:17.000000",1.0,0.0,5.0,N,23.0,23.0,1.0,90.0,0.0,0.0,20.0,0.0,0.3,110.3,0.0
2.0,"2019-08-06 07:30:57.000000","2019-08-06 08:05:17.000000",1.0,21.36,5.0,N,138.0,265.0,1.0,110.0,0.0,0.0,0.0,0.0,0.3,110.3,0.0
2.0,"2019-08-06 08:36:51.000000","2019-08-06 09:25:21.000000",3.0,18.86,3.0,N,161.0,1.0,1.0,74.5,0.0,0.0,18.4,17.2,0.3,110.4,0.0
2.0,"2019-08-06 09:03:11.000000","2019-08-06 09:38:38.000000",2.0,16.79,3.0,N,87.0,1.0,1.0,65.5,0.0,0.0,25.59,19.5,0.3,110.89,0.0
1.0,"2019-08-06 10:16:28.000000","2019-08-06 11:22:40.000000",1.0,21.8,5.0,N,132.0,265.0,2.0,100.0,0.0,0.0,0.0,10.5,0.3,110.8,0.0
2.0,"2019-08-06 10:42:35.000000","2019-08-06 10:51:03.000000",1.0,6.69,5.0,N,265.0,1.0,1.0,110.0,0.0,0.0,10.0,0.0,0.3,120.3,0.0
1.0,"2019-08-06 12:04:31.000000","2019-08-06 13:17:43.000000",2.0,24.0,3.0,N,163.0,1.0,2.0,93.0,0.0,0.0,0.0,17.45,0.3,110.75,0.0
2.0,"2019-08-06 14:48:41.000000","2019-08-06 15:40:43.000000",1.0,20.69,3.0,N,141.0,1.0,1.0,78.5,0.0,0.0,18.41,13.26,0.3,110.47,0.0
2.0,"2019-08-06 14:52:30.000000","2019-08-06 15:56:29.000000",1.0,17.92,3.0,N,162.0,1.0,1.0,79.0,0.0,0.0,18.45,12.95,0.3,110.7,0.0
2.0,"2019-08-06 15:39:10.000000","2019-08-06 16:27:38.000000",2.0,18.4,3.0,N,161.0,1.0,1.0,73.0,0.0,0.0,18.36,18.5,0.3,110.16,0.0
2.0,"2019-08-06 16:47:59.000000","2019-08-06 16:48:03.000000",2.0,0.0,5.0,N,138.0,138.0,1.0,110.0,0.0,0.0,0.0,0.0,0.3,110.3,0.0
2.0,"2019-08-06 17:15:53.000000","2019-08-06 18:08:36.000000",1.0,17.86,3.0,N,161.0,1.0,1.0,72.0,1.0,0.0,18.36,18.5,0.3,110.16,0.0
2.0,"2019-08-06 17:49:21.000000","2019-08-06 19:07:30.000000",4.0,21.7,5.0,N,132.0,265.0,1.0,110.0,0.0,0.0,10.0,12.5,0.3,135.3,2.5
1.0,"2019-08-06 17:55:24.000000","2019-08-06 19:07:10.000000",4.0,19.5,5.0,N,219.0,265.0,1.0,110.0,0.0,0.0,24.55,12.5,0.3,147.35,0.0
2.0,"2019-08-06 18:25:57.000000","2019-08-06 18:57:53.000000",1.0,15.12,5.0,N,48.0,265.0,1.0,80.0,0.0,0.5,15.0,12.5,0.3,110.8,2.5
1.0,"2019-08-06 19:53:27.000000","2019-08-06 20:56:36.000000",0.0,32.7,1.0,Y,161.0,44.0,2.0,88.5,3.0,0.5,0.0,18.36,0.3,110.66,2.5
1.0,"2019-08-06 22:54:15.000000","2019-08-06 22:55:01.000000",1.0,23.0,5.0,N,265.0,265.0,1.0,91.5,0.0,0.0,18.35,0.0,0.3,110.15,0.0
1.0,"2019-08-07 03:05:14.000000","2019-08-07 03:25:35.000000",1.0,10.0,5.0,N,78.0,50.0,1.0,110.0,0.0,0.0,27.55,0.0,0.3,137.85,0.0
1.0,"2019-08-07 04:25:07.000000","2019-08-07 04:26:13.000000",1.0,0.0,5.0,N,1.0,1.0,1.0,110.0,0.0,0.0,15.0,0.0,0.3,125.3,0.0
1.0,"2019-08-07 04:36:42.000000","2019-08-07 05:06:02.000000",1.0,20.2,3.0,N,170.0,1.0,1.0,71.5,0.5,0.0,22.05,16.0,0.3,110.35,0.0
2.0,"2019-08-07 08:28:23.000000","2019-08-07 08:56:11.000000",1.0,10.44,5.0,N,48.0,265.0,1.0,85.0,0.0,0.0,10.0,12.5,0.3,110.3,2.5
1.0,"2019-08-07 09:43:43.000000","2019-08-07 11:22:52.000000",1.0,13.5,1.0,N,148.0,138.0,1.0,67.0,2.5,0.5,40.0,0.0,0.3,110.3,2.5
2.0,"2019-08-07 10:49:02.000000","2019-08-07 11:28:54.000000",1.0,23.58,5.0,N,10.0,265.0,1.0,110.0,0.0,0.0,23.28,6.12,0.3,139.7,0.0
1.0,"2019-08-07 11:18:04.000000","2019-08-07 12:09:33.000000",1.0,20.5,3.0,N,237.0,1.0,1.0,79.0,0.0,0.0,18.45,13.0,0.3,110.75,0.0
2.0,"2019-08-07 10:57:52.000000","2019-08-07 11:52:28.000000",1.0,31.65,1.0,N,100.0,265.0,1.0,87.0,0.0,0.5,10.0,10.5,0.3,110.8,2.5
2.0,"2019-08-07 12:11:36.000000","2019-08-07 12:52:49.000000",5.0,18.38,3.0,N,162.0,1.0,1.0,71.5,0.0,0.0,22.08,16.5,0.3,110.38,0.0
2.0,"2019-08-07 12:04:18.000000","2019-08-07 12:04:21.000000",1.0,0.0,5.0,N,264.0,264.0,1.0,110.0,0.0,0.0,22.06,0.0,0.3,132.36,0.0
2.0,"2019-08-07 13:55:42.000000","2019-08-07 14:55:39.000000",2.0,37.06,4.0,N,132.0,1.0,1.0,110.5,0.0,0.5,15.0,22.74,0.3,149.04,0.0
2.0,"2019-08-07 13:37:11.000000","2019-08-07 14:15:51.000000",2.0,12.39,5.0,N,170.0,265.0,1.0,110.0,0.0,0.5,10.0,10.5,0.3,133.8,2.5
2.0,"2019-08-07 14:18:18.000000","2019-08-07 15:17:28.000000",1.0,18.19,3.0,N,45.0,1.0,1.0,73.0,0.0,0.0,18.36,18.5,0.3,110.16,0.0
2.0,"2019-08-07 14:38:00.000000","2019-08-07 15:44:18.000000",1.0,18.56,3.0,N,163.0,1.0,1.0,79.5,0.0,0.0,18.48,12.6,0.3,110.88,0.0
1.0,"2019-08-07 15:18:52.000000","2019-08-07 16:38:08.000000",2.0,17.5,3.0,N,230.0,1.0,1.0,84.0,0.0,0.0,10.0,15.86,0.3,110.16,0.0
2.0,"2019-08-07 17:26:34.000000","2019-08-07 18:36:25.000000",1.0,16.98,5.0,N,138.0,265.0,1.0,110.0,0.0,0.0,25.78,18.62,0.3,154.7,0.0
1.0,"2019-08-07 17:09:04.000000","2019-08-07 19:24:43.000000",1.0,20.4,3.0,N,236.0,1.0,1.0,110.0,1.0,0.0,25.55,16.5,0.3,153.35,0.0
2.0,"2019-08-07 17:55:20.000000","2019-08-07 17:55:25.000000",1.0,0.0,5.0,N,264.0,264.0,1.0,100.0,0.0,0.0,10.0,0.0,0.3,110.3,0.0
2.0,"2019-08-07 18:47:37.000000","2019-08-07 20:23:34.000000",1.0,21.89,5.0,N,132.0,265.0,2.0,110.0,0.0,0.5,0.0,0.0,0.3,113.3,2.5
1.0,"2019-08-07 20:22:26.000000","2019-08-07 21:06:34.000000",3.0,24.4,4.0,N,138.0,265.0,1.0,95.0,0.5,0.5,8.0,6.12,0.3,110.42,0.0
2.0,"2019-08-07 22:05:16.000000","2019-08-07 22:11:46.000000",1.0,0.0,5.0,N,1.0,1.0,1.0,110.0,0.0,0.0,0.0,0.0,0.3,110.3,0.0
2.0,"2019-08-08 00:02:30.000000","2019-08-08 01:11:00.000000",2.0,41.93,1.0,N,132.0,132.0,2.0,110.0,0.5,0.5,0.0,0.0,0.3,111.3,0.0
2.0,"2019-08-08 01:06:43.000000","2019-08-08 01:47:43.000000",1.0,32.84,5.0,N,132.0,265.0,1.0,100.0,0.0,0.5,10.0,0.0,0.3,110.8,0.0
2.0,"2019-08-08 01:58:24.000000","2019-08-08 02:42:25.000000",1.0,26.45,5.0,N,138.0,265.0,1.0,110.0,0.0,0.0,23.28,6.12,0.3,139.7,0.0
1.0,"2019-08-08 02:33:51.000000","2019-08-08 03:01:34.000000",1.0,19.9,5.0,N,138.0,265.0,3.0,110.0,0.0,0.0,0.0,0.0,0.3,110.3,0.0
2.0,"2019-08-08 02:13:41.000000","2019-08-08 02:50:46.000000",2.0,28.2,4.0,N,132.0,265.0,1.0,110.5,0.5,0.5,22.36,0.0,0.3,134.16,0.0
1.0,"2019-08-08 03:02:16.000000","2019-08-08 03:02:36.000000",1.0,0.0,5.0,N,265.0,265.0,1.0,110.0,0.0,0.0,22.05,0.0,0.3,132.35,0.0
2.0,"2019-08-08 05:57:00.000000","2019-08-08 06:24:42.000000",1.0,20.08,3.0,N,162.0,1.0,1.0,71.5,0.5,0.0,18.36,19.5,0.3,110.16,0.0
2.0,"2019-08-08 09:05:01.000000","2019-08-08 09:45:02.000000",1.0,19.94,4.0,N,237.0,265.0,1.0,82.0,0.0,0.5,15.0,10.5,0.3,110.8,2.5
2.0,"2019-08-08 10:22:54.000000","2019-08-08 11:18:17.000000",6.0,22.15,3.0,N,163.0,265.0,1.0,81.0,0.0,0.0,18.36,10.5,0.3,110.16,0.0
2.0,"2019-08-08 10:56:38.000000","2019-08-08 11:38:46.000000",1.0,18.51,3.0,N,237.0,1.0,1.0,70.0,0.0,0.0,25.53,14.79,0.3,110.62,0.0
1.0,"2019-08-08 12:36:37.000000","2019-08-08 13:59:42.000000",2.0,19.7,5.0,N,85.0,265.0,1.0,100.0,0.0,0.0,0.0,10.5,0.3,110.8,0.0
2.0,"2019-08-08 13:57:53.000000","2019-08-08 14:41:46.000000",1.0,14.12,5.0,N,236.0,265.0,1.0,110.0,0.0,0.5,24.76,10.5,0.3,148.56,2.5
2.0,"2019-08-08 13:18:50.000000","2019-08-08 14:02:42.000000",1.0,19.11,3.0,N,239.0,1.0,1.0,73.5,0.0,0.0,18.36,18.0,0.3,110.16,0.0
2.0,"2019-08-08 13:24:43.000000","2019-08-08 13:24:46.000000",1.0,0.0,5.0,N,264.0,264.0,1.0,110.0,0.0,0.5,15.0,0.0,0.3,125.8,0.0
2.0,"2019-08-08 14:23:24.000000","2019-08-08 16:00:34.000000",1.0,29.97,3.0,N,215.0,1.0,1.0,110.0,0.0,0.0,33.58,24.0,0.3,167.88,0.0
1.0,"2019-08-08 14:31:39.000000","2019-08-08 15:33:28.000000",1.0,18.3,3.0,N,233.0,1.0,1.0,76.5,0.0,0.0,18.45,15.5,0.3,110.75,0.0
2.0,"2019-08-08 14:36:35.000000","2019-08-08 16:22:13.000000",1.0,36.55,2.0,N,132.0,224.0,1.0,52.0,0.0,0.5,49.0,6.12,0.3,110.42,2.5
2.0,"2019-08-08 14:57:29.000000","2019-08-08 16:03:45.000000",2.0,23.33,5.0,N,138.0,265.0,1.0,110.0,0.0,0.0,22.06,0.0,0.3,132.36,0.0
2.0,"2019-08-08 14:12:17.000000","2019-08-08 15:06:25.000000",4.0,18.57,5.0,N,138.0,265.0,1.0,110.0,0.0,0.5,2.0,0.0,0.3,112.8,0.0
2.0,"2019-08-08 13:58:58.000000","2019-08-08 14:55:35.000000",2.0,18.36,3.0,N,161.0,1.0,1.0,75.5,0.0,0.0,18.46,16.5,0.3,110.76,0.0
2.0,"2019-08-08 15:07:34.000000","2019-08-08 16:09:44.000000",1.0,18.03,3.0,N,170.0,1.0,1.0,76.0,0.0,0.0,18.34,15.4,0.3,110.04,0.0
1.0,"2019-08-08 15:35:58.000000","2019-08-08 16:48:48.000000",1.0,17.5,3.0,N,161.0,1.0,1.0,79.5,0.0,0.0,18.45,12.5,0.3,110.75,0.0
2.0,"2019-08-08 15:01:49.000000","2019-08-08 15:37:13.000000",1.0,14.3,5.0,N,265.0,236.0,1.0,110.0,0.0,0.5,22.66,0.0,0.3,135.96,2.5
1.0,"2019-08-08 15:02:33.000000","2019-08-08 16:02:33.000000",1.0,16.8,3.0,N,48.0,1.0,1.0,74.5,0.0,0.0,22.05,13.42,0.3,110.27,0.0
1.0,"2019-08-08 15:52:01.000000","2019-08-08 17:18:05.000000",2.0,20.0,3.0,N,164.0,1.0,2.0,91.0,0.0,0.0,0.0,19.0,0.3,110.3,0.0
2.0,"2019-08-08 16:14:44.000000","2019-08-08 17:58:16.000000",1.0,39.83,5.0,N,132.0,265.0,2.0,110.0,0.0,0.0,0.0,24.74,0.3,135.04,0.0
1.0,"2019-08-08 16:45:28.000000","2019-08-08 17:46:45.000000",1.0,16.3,3.0,N,100.0,1.0,1.0,75.5,1.0,0.0,18.45,15.5,0.3,110.75,0.0
2.0,"2019-08-08 17:05:43.000000","2019-08-08 18:12:12.000000",3.0,17.24,3.0,N,142.0,1.0,1.0,77.0,1.0,0.0,14.4,17.3,0.3,110.0,0.0
2.0,"2019-08-08 18:00:11.000000","2019-08-08 18:57:26.000000",1.0,15.53,5.0,N,223.0,265.0,1.0,77.0,0.0,0.5,14.0,18.62,0.3,110.42,0.0
2.0,"2019-08-08 19:05:02.000000","2019-08-08 20:10:49.000000",2.0,31.3,1.0,N,132.0,220.0,1.0,84.0,1.0,0.5,18.38,6.12,0.3,110.3,0.0
2.0,"2019-08-08 20:32:48.000000","2019-08-08 21:12:13.000000",1.0,12.39,5.0,N,138.0,265.0,1.0,75.0,0.0,0.0,18.38,16.62,0.3,110.3,0.0
2.0,"2019-08-08 20:17:30.000000","2019-08-08 21:10:36.000000",2.0,35.88,3.0,N,132.0,265.0,1.0,110.0,0.5,0.0,27.11,24.74,0.3,162.65,0.0
1.0,"2019-08-08 21:30:41.000000","2019-08-08 22:50:06.000000",1.0,30.5,3.0,N,125.0,125.0,1.0,110.0,0.5,0.0,30.0,21.0,0.3,161.8,0.0
2.0,"2019-08-08 22:39:20.000000","2019-08-08 23:26:17.000000",1.0,20.46,3.0,N,141.0,1.0,1.0,75.5,0.5,0.0,18.36,15.5,0.3,110.16,0.0
1.0,"2019-08-08 22:16:26.000000","2019-08-08 23:02:30.000000",1.0,21.6,5.0,N,162.0,265.0,1.0,110.0,0.0,0.0,15.0,9.0,0.3,134.3,0.0
2.0,"2019-08-08 22:30:15.000000","2019-08-08 23:05:55.000000",1.0,20.08,5.0,N,138.0,265.0,1.0,110.0,0.0,0.0,20.0,0.0,0.3,130.3,0.0
2.0,"2019-08-08 23:05:22.000000","2019-08-09 00:00:53.000000",1.0,21.62,5.0,N,132.0,265.0,1.0,110.0,0.0,0.0,10.0,10.5,0.3,133.3,2.5
2.0,"2019-08-09 00:01:22.000000","2019-08-09 00:01:27.000000",1.0,0.0,5.0,N,265.0,264.0,1.0,110.0,0.0,0.0,10.0,0.0,0.3,120.3,0.0
2.0,"2019-08-09 00:50:14.000000","2019-08-09 01:47:05.000000",1.0,18.91,5.0,N,10.0,265.0,1.0,110.0,0.0,0.5,24.76,10.5,0.3,148.56,2.5
2.0,"2019-08-09 01:28:41.000000","2019-08-09 02:28:50.000000",1.0,24.12,5.0,N,132.0,265.0,1.0,110.0,0.0,0.0,5.0,10.5,0.3,128.3,2.5
2.0,"2019-08-09 02:26:43.000000","2019-08-09 02:58:46.000000",2.0,23.93,5.0,N,132.0,265.0,1.0,110.0,0.0,0.5,22.0,16.62,0.3,149.42,0.0
2.0,"2019-08-09 04:18:37.000000","2019-08-09 04:49:05.000000",1.0,21.27,3.0,N,230.0,1.0,1.0,73.5,0.5,0.0,18.48,18.1,0.3,110.88,0.0
2.0,"2019-08-09 05:30:06.000000","2019-08-09 05:59:16.000000",1.0,20.23,3.0,N,48.0,1.0,1.0,72.0,0.5,0.0,18.44,19.4,0.3,110.64,0.0
1.0,"2019-08-09 06:20:29.000000","2019-08-09 07:00:48.000000",1.0,19.1,3.0,N,262.0,1.0,1.0,72.5,0.0,0.0,25.55,12.5,0.3,110.85,0.0
2.0,"2019-08-09 08:56:57.000000","2019-08-09 09:42:19.000000",2.0,24.91,5.0,N,140.0,265.0,1.0,110.0,0.0,0.5,6.0,0.0,0.3,119.3,2.5
2.0,"2019-08-09 08:35:07.000000","2019-08-09 09:24:08.000000",4.0,15.95,5.0,N,230.0,1.0,1.0,110.0,0.0,0.5,25.16,12.5,0.3,150.96,2.5
2.0,"2019-08-09 08:39:57.000000","2019-08-09 09:24:23.000000",1.0,17.66,3.0,N,230.0,1.0,1.0,69.0,0.0,0.0,18.36,22.5,0.3,110.16,0.0
1.0,"2019-08-09 09:35:00.000000","2019-08-09 09:35:24.000000",2.0,1.3,5.0,N,1.0,1.0,1.0,88.0,0.0,0.0,22.05,0.0,0.3,110.35,0.0
2.0,"2019-08-09 10:45:28.000000","2019-08-09 12:13:05.000000",2.0,30.29,3.0,N,138.0,1.0,1.0,110.0,0.0,0.0,5.0,16.62,0.3,131.92,0.0
2.0,"2019-08-09 11:06:01.000000","2019-08-09 12:32:21.000000",1.0,40.24,1.0,N,23.0,135.0,1.0,110.5,0.0,0.5,0.0,0.0,0.3,111.3,0.0
1.0,"2019-08-09 11:30:48.000000","2019-08-09 11:31:16.000000",3.0,0.0,5.0,Y,265.0,265.0,4.0,110.0,0.0,0.0,0.0,0.0,0.3,110.3,0.0
1.0,"2019-08-09 11:39:48.000000","2019-08-09 11:40:12.000000",3.0,0.0,5.0,N,265.0,265.0,1.0,110.0,0.0,0.0,10.0,0.0,0.3,120.3,0.0
2.0,"2019-08-09 12:52:26.000000","2019-08-09 13:52:47.000000",5.0,17.98,3.0,N,234.0,1.0,1.0,77.0,0.0,0.0,18.46,15.0,0.3,110.76,0.0
1.0,"2019-08-09 12:16:02.000000","2019-08-09 12:16:14.000000",1.0,2.8,5.0,N,265.0,265.0,1.0,80.0,0.0,0.0,18.45,12.0,0.3,110.75,0.0
2.0,"2019-08-09 13:10:31.000000","2019-08-09 13:10:38.000000",1.0,0.0,5.0,N,265.0,264.0,1.0,110.75,0.0,0.0,22.21,0.0,0.3,133.26,0.0
1.0,"2019-08-09 13:44:58.000000","2019-08-09 15:13:22.000000",1.0,20.1,3.0,N,142.0,1.0,1.0,90.0,0.0,0.0,10.0,10.5,0.3,110.8,0.0
2.0,"2019-08-09 13:31:15.000000","2019-08-09 15:21:25.000000",1.0,33.8,1.0,N,100.0,265.0,1.0,110.0,0.0,0.5,28.32,0.0,0.3,141.62,2.5
2.0,"2019-08-09 13:07:13.000000","2019-08-09 14:14:55.000000",1.0,20.37,3.0,N,238.0,1.0,1.0,85.0,0.0,0.0,15.0,10.5,0.3,110.8,0.0
2.0,"2019-08-09 14:45:03.000000","2019-08-09 16:52:48.000000",2.0,11.92,3.0,N,186.0,138.0,1.0,96.0,0.0,0.0,14.44,0.0,0.3,110.74,0.0
1.0,"2019-08-09 14:38:35.000000","2019-08-09 17:07:55.000000",1.0,26.3,1.0,N,132.0,200.0,1.0,103.5,0.0,0.5,0.0,6.12,0.3,110.42,0.0
2.0,"2019-08-09 14:34:51.000000","2019-08-09 15:55:11.000000",1.0,18.86,3.0,N,239.0,1.0,1.0,87.5,0.0,0.0,10.0,12.65,0.3,110.45,0.0
2.0,"2019-08-09 14:15:27.000000","2019-08-09 15:20:47.000000",1.0,27.6,3.0,N,166.0,1.0,2.0,96.5,0.0,0.0,0.0,13.25,0.3,110.05,0.0
1.0,"2019-08-09 15:36:22.000000","2019-08-09 17:06:18.000000",1.0,17.3,3.0,N,170.0,1.0,1.0,84.0,0.0,0.0,9.0,17.5,0.3,110.8,0.0
2.0,"2019-08-09 15:00:26.000000","2019-08-09 16:51:57.000000",3.0,18.26,3.0,N,100.0,1.0,2.0,98.0,0.0,0.0,0.0,12.5,0.3,110.8,0.0
1.0,"2019-08-09 15:55:46.000000","2019-08-09 17:18:35.000000",1.0,18.1,5.0,N,68.0,1.0,1.0,110.0,0.0,0.0,10.0,0.0,0.3,120.3,0.0
1.0,"2019-08-09 16:15:54.000000","2019-08-09 16:17:07.000000",2.0,1.7,5.0,N,211.0,211.0,1.0,110.0,0.0,0.0,10.0,0.0,0.3,120.3,0.0
1.0,"2019-08-09 16:24:49.000000","2019-08-09 18:09:08.000000",2.0,17.7,3.0,N,163.0,1.0,2.0,97.0,1.0,0.0,0.0,12.5,0.3,110.8,0.0
2.0,"2019-08-09 16:08:28.000000","2019-08-09 17:41:36.000000",1.0,19.88,3.0,N,164.0,1.0,1.0,92.0,1.0,0.0,0.0,17.0,0.3,110.3,0.0
2.0,"2019-08-09 16:43:47.000000","2019-08-09 18:38:43.000000",1.0,20.38,5.0,N,236.0,1.0,1.0,110.0,0.0,0.5,10.0,22.5,0.3,145.8,2.5
1.0,"2019-08-09 17:41:59.000000","2019-08-09 18:47:58.000000",1.0,19.5,4.0,N,132.0,265.0,2.0,108.5,1.0,0.5,0.0,0.0,0.3,110.3,0.0
2.0,"2019-08-09 17:10:13.000000","2019-08-09 18:31:11.000000",1.0,12.78,3.0,N,125.0,1.0,1.0,78.0,1.0,0.0,18.36,12.5,0.3,110.16,0.0
1.0,"2019-08-09 20:35:30.000000","2019-08-09 20:35:56.000000",2.0,0.0,5.0,N,265.0,265.0,1.0,100.0,0.0,0.0,10.0,0.0,0.3,110.3,0.0
2.0,"2019-08-09 21:34:44.000000","2019-08-09 22:08:33.000000",1.0,21.4,5.0,N,100.0,265.0,1.0,110.0,0.0,0.5,18.0,10.5,0.3,141.8,2.5
2.0,"2019-08-09 21:17:37.000000","2019-08-09 21:51:49.000000",2.0,26.39,5.0,N,138.0,265.0,1.0,110.0,0.0,0.5,0.0,7.31,0.3,118.11,0.0
2.0,"2019-08-09 21:42:34.000000","2019-08-09 22:35:01.000000",2.0,28.61,5.0,N,138.0,265.0,1.0,100.0,0.0,0.5,10.0,0.0,0.3,110.8,0.0
2.0,"2019-08-09 23:52:24.000000","2019-08-10 00:15:15.000000",1.0,6.24,2.0,N,260.0,48.0,1.0,52.0,0.0,0.5,49.51,6.12,0.3,110.93,2.5
1.0,"2019-08-10 00:45:44.000000","2019-08-10 01:56:26.000000",0.0,34.7,1.0,N,138.0,5.0,1.0,97.0,0.5,0.5,0.0,12.24,0.3,110.54,0.0
2.0,"2019-08-10 00:43:45.000000","2019-08-10 00:43:54.000000",1.0,0.0,5.0,N,265.0,265.0,1.0,110.0,0.0,0.5,22.16,0.0,0.3,132.96,0.0
2.0,"2019-08-10 00:24:55.000000","2019-08-10 00:55:29.000000",1.0,26.84,4.0,N,138.0,265.0,2.0,110.0,0.5,0.5,0.0,0.0,0.3,111.3,0.0
1.0,"2019-08-10 01:08:50.000000","2019-08-10 01:09:11.000000",1.0,0.0,5.0,N,265.0,265.0,1.0,110.0,0.0,0.0,0.0,0.0,0.3,110.3,0.0
2.0,"2019-08-10 05:22:54.000000","2019-08-10 05:53:13.000000",1.0,20.62,5.0,N,141.0,265.0,1.0,110.0,0.0,0.5,22.66,0.0,0.3,135.96,2.5
1.0,"2019-08-10 07:56:23.000000","2019-08-10 08:26:58.000000",1.0,17.9,3.0,N,229.0,1.0,1.0,67.0,0.0,0.0,22.05,21.0,0.3,110.35,0.0
2.0,"2019-08-10 08:34:18.000000","2019-08-10 08:34:31.000000",1.0,0.0,5.0,N,265.0,265.0,1.0,110.0,0.0,0.0,22.06,0.0,0.3,132.36,0.0
1.0,"2019-08-10 11:46:14.000000","2019-08-10 13:11:02.000000",3.0,21.0,1.0,N,87.0,1.0,2.0,91.5,0.0,0.0,0.0,19.0,0.3,110.8,0.0
2.0,"2019-08-10 12:37:04.000000","2019-08-10 13:33:03.000000",2.0,17.65,3.0,N,161.0,1.0,1.0,75.0,0.0,0.0,18.46,17.0,0.3,110.76,0.0
2.0,"2019-08-10 13:55:29.000000","2019-08-10 13:55:32.000000",4.0,0.0,5.0,N,1.0,1.0,1.0,100.0,0.0,0.0,10.0,0.0,0.3,110.3,0.0
2.0,"2019-08-10 13:09:39.000000","2019-08-10 14:02:45.000000",1.0,15.29,3.0,N,144.0,1.0,1.0,69.5,0.0,0.0,18.36,22.0,0.3,110.16,0.0
1.0,"2019-08-10 14:11:22.000000","2019-08-10 15:00:04.000000",1.0,18.0,3.0,N,249.0,1.0,1.0,73.0,0.0,0.0,18.35,18.5,0.3,110.15,0.0
2.0,"2019-08-10 15:54:13.000000","2019-08-10 16:53:45.000000",5.0,19.58,3.0,N,237.0,1.0,1.0,79.5,0.0,0.0,18.46,12.5,0.3,110.76,0.0
2.0,"2019-08-10 16:16:24.000000","2019-08-10 16:16:42.000000",1.0,0.0,5.0,N,1.0,1.0,1.0,100.0,0.0,0.0,9.99,0.0,0.3,110.29,0.0
2.0,"2019-08-10 19:43:50.000000","2019-08-10 20:17:29.000000",1.0,19.93,5.0,N,138.0,265.0,1.0,110.0,0.0,0.0,10.0,6.12,0.3,126.42,0.0
1.0,"2019-08-10 20:39:19.000000","2019-08-10 21:27:22.000000",2.0,28.3,4.0,N,170.0,265.0,1.0,110.5,3.0,0.5,20.0,0.0,0.3,134.3,2.5
1.0,"2019-08-10 20:49:59.000000","2019-08-10 21:50:56.000000",2.0,36.6,1.0,Y,132.0,84.0,2.0,96.5,0.5,0.5,0.0,12.24,0.3,110.04,0.0
2.0,"2019-08-10 23:19:59.000000","2019-08-11 00:11:21.000000",1.0,36.06,3.0,N,132.0,265.0,1.0,110.5,0.5,0.0,26.81,22.74,0.3,160.85,0.0
1.0,"2019-08-11 03:07:45.000000","2019-08-11 03:59:57.000000",1.0,32.8,5.0,N,148.0,265.0,1.0,110.0,0.0,0.0,5.0,0.0,0.3,115.3,0.0
1.0,"2019-08-11 04:49:44.000000","2019-08-11 05:22:26.000000",2.0,20.6,3.0,N,233.0,1.0,1.0,73.0,0.5,0.0,18.45,18.5,0.3,110.75,0.0
2.0,"2019-08-11 06:06:48.000000","2019-08-11 07:04:30.000000",1.0,50.89,5.0,N,132.0,265.0,1.0,95.0,0.0,0.0,15.0,0.0,0.3,110.3,0.0
2.0,"2019-08-11 08:24:08.000000","2019-08-11 09:01:19.000000",1.0,21.13,3.0,N,262.0,1.0,1.0,76.5,0.0,0.0,18.36,15.0,0.3,110.16,0.0
1.0,"2019-08-11 12:20:34.000000","2019-08-11 12:59:00.000000",1.0,20.4,3.0,N,261.0,1.0,1.0,73.5,0.0,0.0,24.0,12.5,0.3,110.3,0.0
2.0,"2019-08-11 12:21:02.000000","2019-08-11 12:58:48.000000",3.0,22.48,3.0,N,237.0,1.0,1.0,78.5,0.0,0.0,18.46,13.5,0.3,110.76,0.0
2.0,"2019-08-11 14:47:16.000000","2019-08-11 16:09:44.000000",1.0,31.15,4.0,N,132.0,264.0,2.0,110.5,0.0,0.5,0.0,6.12,0.3,117.42,0.0
1.0,"2019-08-11 14:24:34.000000","2019-08-11 15:10:20.000000",1.0,18.0,3.0,N,261.0,1.0,1.0,71.5,0.0,0.0,18.35,20.1,0.3,110.25,0.0
2.0,"2019-08-11 14:24:46.000000","2019-08-11 14:24:55.000000",2.0,0.0,5.0,N,1.0,1.0,1.0,96.0,0.0,0.5,14.0,0.0,0.3,110.8,0.0
1.0,"2019-08-11 15:46:32.000000","2019-08-11 16:30:11.000000",3.0,19.1,3.0,N,233.0,1.0,1.0,73.0,0.0,0.0,22.15,15.5,0.3,110.95,0.0
2.0,"2019-08-11 15:37:30.000000","2019-08-11 15:37:35.000000",1.0,0.0,5.0,N,265.0,264.0,1.0,100.0,0.0,0.0,10.0,0.0,0.3,110.3,0.0
1.0,"2019-08-11 15:59:20.000000","2019-08-11 16:46:07.000000",2.0,18.2,3.0,N,162.0,1.0,1.0,74.5,0.0,0.0,18.45,17.5,0.3,110.75,0.0
2.0,"2019-08-11 16:15:09.000000","2019-08-11 17:02:16.000000",1.0,21.69,3.0,N,161.0,1.0,1.0,80.0,0.0,0.0,10.0,20.0,0.3,110.3,0.0
1.0,"2019-08-11 16:19:45.000000","2019-08-11 17:37:17.000000",4.0,22.4,5.0,N,132.0,265.0,1.0,110.0,0.0,0.0,10.0,12.5,0.3,132.8,0.0
2.0,"2019-08-11 17:48:19.000000","2019-08-11 17:48:26.000000",1.0,0.0,5.0,N,265.0,265.0,1.0,92.0,0.0,0.0,18.46,0.0,0.3,110.76,0.0
2.0,"2019-08-11 17:35:41.000000","2019-08-11 18:14:41.000000",1.0,20.21,3.0,N,163.0,1.0,1.0,73.5,0.0,0.0,18.46,18.5,0.3,110.76,0.0
2.0,"2019-08-11 17:05:29.000000","2019-08-11 17:49:01.000000",5.0,30.55,3.0,N,163.0,1.0,2.0,98.0,0.0,0.0,0.0,12.5,0.3,110.8,0.0
2.0,"2019-08-11 17:35:50.000000","2019-08-11 17:35:53.000000",1.0,0.0,5.0,N,1.0,264.0,1.0,95.0,0.0,0.5,15.0,0.0,0.3,110.8,0.0
1.0,"2019-08-11 19:52:19.000000","2019-08-11 20:52:21.000000",6.0,34.8,1.0,N,132.0,5.0,2.0,91.5,0.0,0.5,0.0,18.36,0.3,110.66,0.0
2.0,"2019-08-11 19:28:02.000000","2019-08-11 21:25:21.000000",1.0,0.0,5.0,N,230.0,234.0,1.0,110.0,0.0,0.0,22.5,0.0,0.0,135.0,2.5
2.0,"2019-08-11 22:37:49.000000","2019-08-11 23:36:01.000000",1.0,26.59,1.0,N,132.0,200.0,1.0,78.0,0.5,0.5,25.0,6.12,0.3,110.42,0.0
1.0,"2019-08-12 05:14:32.000000","2019-08-12 05:42:19.000000",1.0,19.1,3.0,N,170.0,1.0,1.0,69.0,0.5,0.0,22.05,18.5,0.3,110.35,0.0
2.0,"2019-08-12 09:40:32.000000","2019-08-12 17:19:04.000000",1.0,0.0,1.0,N,193.0,193.0,2.0,109.0,0.8,0.5,0.0,0.0,0.0,110.3,0.0
2.0,"2019-08-12 10:55:01.000000","2019-08-12 12:15:16.000000",1.0,39.1,1.0,N,132.0,44.0,1.0,110.0,0.0,0.5,30.76,12.24,0.3,153.8,0.0
2.0,"2019-08-12 11:34:47.000000","2019-08-12 12:27:54.000000",2.0,22.42,3.0,N,75.0,1.0,1.0,83.0,0.0,0.0,10.0,17.0,0.3,110.3,0.0
2.0,"2019-08-12 12:26:47.000000","2019-08-12 13:22:57.000000",1.0,12.07,5.0,N,157.0,265.0,2.0,110.0,0.0,0.0,0.0,10.5,0.3,123.3,2.5
2.0,"2019-08-12 12:05:17.000000","2019-08-12 13:30:58.000000",1.0,40.7,1.0,N,23.0,135.0,1.0,110.5,0.0,0.5,0.0,0.0,0.3,111.3,0.0
2.0,"2019-08-12 13:51:13.000000","2019-08-12 14:41:58.000000",4.0,17.52,5.0,N,138.0,265.0,1.0,110.0,0.0,0.5,20.0,16.62,0.3,147.42,0.0
2.0,"2019-08-12 14:11:35.000000","2019-08-12 14:57:43.000000",1.0,18.1,3.0,N,233.0,1.0,1.0,72.0,0.0,0.0,22.08,16.0,0.3,110.38,0.0
2.0,"2019-08-12 14:11:45.000000","2019-08-12 15:07:02.000000",1.0,21.22,3.0,N,236.0,1.0,1.0,81.0,0.0,0.0,18.36,10.5,0.3,110.16,0.0
2.0,"2019-08-12 18:20:45.000000","2019-08-12 18:20:51.000000",1.0,0.0,5.0,N,265.0,264.0,1.0,110.0,0.0,0.5,10.0,0.0,0.3,120.8,0.0
2.0,"2019-08-12 19:06:40.000000","2019-08-12 19:30:13.000000",4.0,16.44,5.0,N,132.0,265.0,1.0,91.5,0.0,0.0,18.36,0.0,0.3,110.16,0.0
2.0,"2019-08-12 19:33:35.000000","2019-08-12 19:33:43.000000",5.0,0.0,5.0,N,68.0,264.0,1.0,110.0,0.0,0.5,6.5,0.0,0.3,119.8,2.5
2.0,"2019-08-13 00:36:55.000000","2019-08-13 01:27:56.000000",1.0,37.44,1.0,N,132.0,84.0,2.0,97.0,0.5,0.5,0.0,12.24,0.3,110.54,0.0
2.0,"2019-08-13 01:31:51.000000","2019-08-13 01:32:03.000000",3.0,0.0,5.0,N,264.0,264.0,1.0,95.0,0.0,0.5,15.0,0.0,0.3,110.8,0.0
1.0,"2019-08-13 05:21:52.000000","2019-08-13 05:32:34.000000",3.0,5.6,5.0,N,264.0,265.0,1.0,90.0,0.0,0.0,10.0,10.5,0.3,110.8,0.0
2.0,"2019-08-13 06:01:55.000000","2019-08-13 06:01:58.000000",1.0,0.0,5.0,N,264.0,264.0,1.0,110.0,0.0,0.5,22.16,0.0,0.3,132.96,0.0
1.0,"2019-08-13 06:34:07.000000","2019-08-13 07:14:45.000000",1.0,18.3,3.0,N,162.0,1.0,1.0,70.5,0.0,0.0,22.05,17.5,0.3,110.35,0.0
2.0,"2019-08-13 07:16:37.000000","2019-08-13 07:57:23.000000",2.0,19.45,3.0,N,162.0,1.0,1.0,73.5,0.0,0.0,18.37,18.05,0.3,110.22,0.0
2.0,"2019-08-13 07:35:37.000000","2019-08-13 07:35:41.000000",1.0,0.04,5.0,N,1.0,1.0,1.0,110.0,0.0,0.5,22.16,0.0,0.3,132.96,0.0
1.0,"2019-08-13 09:52:02.000000","2019-08-13 10:30:02.000000",1.0,27.6,5.0,N,132.0,156.0,1.0,110.0,0.0,0.0,0.0,0.0,0.3,110.3,0.0
1.0,"2019-08-13 11:11:59.000000","2019-08-13 11:59:06.000000",2.0,20.1,3.0,N,137.0,1.0,1.0,76.5,0.0,0.0,18.4,15.4,0.3,110.6,0.0
2.0,"2019-08-13 12:59:47.000000","2019-08-13 12:59:49.000000",1.0,0.0,5.0,N,264.0,264.0,1.0,91.0,0.0,0.5,18.36,0.0,0.3,110.16,0.0
2.0,"2019-08-13 13:37:45.000000","2019-08-13 14:03:02.000000",2.0,13.34,5.0,N,158.0,1.0,2.0,95.0,0.0,0.5,0.0,12.5,0.3,110.8,2.5
2.0,"2019-08-13 13:55:56.000000","2019-08-13 14:34:17.000000",2.0,20.0,3.0,N,164.0,1.0,1.0,75.0,0.0,0.0,12.0,23.0,0.3,110.3,0.0
1.0,"2019-08-13 14:22:09.000000","2019-08-13 15:04:09.000000",1.0,17.3,3.0,N,164.0,1.0,1.0,68.5,0.0,0.0,25.55,16.5,0.3,110.85,0.0
1.0,"2019-08-13 14:11:11.000000","2019-08-13 15:02:15.000000",0.0,23.4,4.0,N,132.0,265.0,2.0,109.5,0.0,0.5,0.0,0.0,0.3,110.3,0.0
2.0,"2019-08-13 14:19:32.000000","2019-08-13 14:57:54.000000",1.0,17.79,4.0,N,230.0,1.0,1.0,87.5,0.0,0.5,0.0,20.0,0.3,110.8,2.5
1.0,"2019-08-13 15:46:08.000000","2019-08-13 15:46:23.000000",2.0,0.0,5.0,N,132.0,132.0,1.0,65.0,0.0,0.0,45.0,0.0,0.3,110.3,0.0
2.0,"2019-08-13 15:28:50.000000","2019-08-13 16:43:26.000000",4.0,24.96,5.0,N,132.0,265.0,2.0,110.0,0.0,0.0,0.0,18.62,0.3,131.42,2.5
2.0,"2019-08-13 15:07:12.000000","2019-08-13 16:00:26.000000",1.0,20.45,3.0,N,161.0,1.0,1.0,78.0,0.0,0.0,15.0,17.5,0.3,110.8,0.0
2.0,"2019-08-13 16:37:41.000000","2019-08-13 17:32:58.000000",2.0,19.92,5.0,N,132.0,265.0,1.0,110.0,0.0,0.0,26.28,18.62,0.3,157.7,2.5
2.0,"2019-08-13 16:47:57.000000","2019-08-13 17:44:44.000000",1.0,21.18,4.0,N,162.0,1.0,2.0,110.0,1.0,0.5,0.0,12.5,0.3,126.8,2.5
2.0,"2019-08-13 19:40:49.000000","2019-08-13 20:14:39.000000",2.0,20.0,3.0,N,161.0,1.0,1.0,72.5,1.0,0.0,18.36,18.0,0.3,110.16,0.0
2.0,"2019-08-13 21:14:08.000000","2019-08-13 21:14:16.000000",1.0,0.0,5.0,N,265.0,264.0,1.0,110.0,0.0,0.5,22.16,0.0,0.3,132.96,0.0
2.0,"2019-08-13 21:10:22.000000","2019-08-13 22:15:26.000000",1.0,25.69,5.0,N,132.0,265.0,1.0,110.0,0.0,0.0,24.66,10.5,0.3,147.96,2.5
2.0,"2019-08-13 22:28:15.000000","2019-08-13 22:28:20.000000",1.0,0.0,5.0,N,264.0,264.0,1.0,110.0,0.0,0.5,22.16,0.0,0.3,132.96,0.0
2.0,"2019-08-13 23:59:33.000000","2019-08-14 00:32:22.000000",3.0,26.03,4.0,N,98.0,265.0,1.0,110.5,0.5,0.5,34.29,0.0,0.3,148.59,2.5
1.0,"2019-08-14 00:30:12.000000","2019-08-14 01:14:32.000000",1.0,22.2,5.0,N,138.0,265.0,1.0,100.0,0.0,0.0,0.0,10.5,0.3,110.8,0.0
2.0,"2019-08-14 00:00:50.000000","2019-08-14 00:41:55.000000",1.0,24.66,5.0,N,262.0,265.0,1.0,100.0,0.0,0.0,7.2,0.0,0.3,110.0,2.5
2.0,"2019-08-14 00:34:39.000000","2019-08-14 00:59:48.000000",1.0,12.07,5.0,N,168.0,265.0,2.0,110.0,0.0,0.5,0.0,0.0,0.3,110.8,0.0
2.0,"2019-08-14 01:12:00.000000","2019-08-14 01:12:08.000000",1.0,0.0,5.0,N,265.0,265.0,1.0,85.0,0.0,0.0,25.59,0.0,0.3,110.89,0.0
1.0,"2019-08-14 04:36:39.000000","2019-08-14 05:07:10.000000",1.0,18.7,3.0,N,163.0,1.0,1.0,67.5,0.5,0.0,18.35,23.5,0.3,110.15,0.0
1.0,"2019-08-14 05:31:12.000000","2019-08-14 05:57:11.000000",4.0,17.5,5.0,N,161.0,265.0,2.0,100.0,0.0,0.0,0.0,10.5,0.3,110.8,0.0
2.0,"2019-08-14 07:53:14.000000","2019-08-14 08:43:04.000000",1.0,20.29,3.0,N,263.0,1.0,1.0,75.5,0.0,0.0,22.08,12.5,0.3,110.38,0.0
2.0,"2019-08-14 11:21:38.000000","2019-08-14 11:55:09.000000",1.0,23.42,4.0,N,132.0,265.0,1.0,105.0,0.0,0.5,5.0,0.0,0.3,110.8,0.0
1.0,"2019-08-14 11:22:19.000000","2019-08-14 12:06:19.000000",2.0,17.3,3.0,N,161.0,1.0,1.0,70.5,0.0,0.0,18.35,21.0,0.3,110.15,0.0
2.0,"2019-08-14 11:55:58.000000","2019-08-14 12:36:45.000000",1.0,19.49,3.0,N,186.0,1.0,1.0,75.5,0.0,0.0,18.46,16.5,0.3,110.76,0.0
2.0,"2019-08-14 13:09:34.000000","2019-08-14 13:46:37.000000",1.0,19.58,3.0,N,164.0,1.0,1.0,73.5,0.0,0.0,18.46,18.5,0.3,110.76,0.0
2.0,"2019-08-14 13:48:49.000000","2019-08-14 15:11:36.000000",1.0,42.09,5.0,N,132.0,265.0,2.0,110.0,0.0,0.5,0.0,0.0,0.3,110.8,0.0
2.0,"2019-08-14 13:37:30.000000","2019-08-14 14:27:46.000000",1.0,19.87,5.0,N,163.0,1.0,1.0,110.0,0.0,0.5,15.0,10.5,0.3,138.8,2.5
2.0,"2019-08-14 14:08:11.000000","2019-08-14 15:11:29.000000",2.0,20.06,3.0,N,236.0,1.0,1.0,81.5,0.0,0.0,15.0,13.5,0.3,110.3,0.0
2.0,"2019-08-14 14:19:55.000000","2019-08-14 15:16:49.000000",2.0,17.05,3.0,N,164.0,1.0,1.0,74.0,0.0,0.0,18.46,18.0,0.3,110.76,0.0
1.0,"2019-08-14 14:51:48.000000","2019-08-14 15:56:11.000000",1.0,26.7,5.0,N,74.0,1.0,1.0,85.0,0.0,0.0,15.0,10.5,0.3,110.8,0.0
1.0,"2019-08-14 15:32:43.000000","2019-08-14 16:32:12.000000",2.0,29.7,4.0,N,132.0,265.0,1.0,93.5,0.0,0.5,10.0,6.12,0.3,110.42,0.0
1.0,"2019-08-14 16:09:32.000000","2019-08-14 17:29:32.000000",1.0,19.6,3.0,N,140.0,1.0,1.0,84.0,1.0,0.0,12.2,12.5,0.3,110.0,0.0
1.0,"2019-08-14 16:05:58.000000","2019-08-14 16:06:30.000000",5.0,0.0,5.0,N,1.0,1.0,1.0,110.0,0.0,0.0,15.0,0.0,0.3,125.3,0.0
2.0,"2019-08-14 16:43:26.000000","2019-08-14 18:14:54.000000",1.0,15.85,1.0,N,246.0,245.0,1.0,65.5,1.0,0.5,22.04,18.36,0.3,110.2,2.5
2.0,"2019-08-14 16:26:59.000000","2019-08-14 17:28:22.000000",3.0,17.35,3.0,N,230.0,1.0,1.0,73.5,1.0,0.0,14.44,21.5,0.3,110.74,0.0
2.0,"2019-08-14 16:12:04.000000","2019-08-14 18:04:18.000000",6.0,27.98,3.0,N,157.0,1.0,1.0,110.5,1.0,0.0,20.0,24.62,0.3,156.42,0.0
1.0,"2019-08-14 17:59:28.000000","2019-08-14 18:57:57.000000",1.0,17.2,3.0,N,143.0,1.0,1.0,73.0,1.0,0.0,18.35,17.5,0.3,110.15,0.0
2.0,"2019-08-14 17:21:20.000000","2019-08-14 18:42:35.000000",1.0,16.72,5.0,N,164.0,1.0,1.0,110.0,0.0,0.5,10.0,12.5,0.3,135.8,2.5
2.0,"2019-08-14 19:51:34.000000","2019-08-14 19:51:47.000000",1.0,0.0,5.0,N,265.0,265.0,1.0,110.0,0.0,0.0,24.56,12.5,0.3,147.36,0.0
2.0,"2019-08-14 21:52:21.000000","2019-08-14 22:35:01.000000",2.0,34.13,4.0,N,132.0,265.0,1.0,110.5,0.5,0.5,10.0,6.12,0.3,127.92,0.0
2.0,"2019-08-14 22:01:12.000000","2019-08-14 22:07:02.000000",1.0,0.85,5.0,N,265.0,265.0,1.0,110.0,0.0,0.5,10.0,16.62,0.3,137.42,0.0
2.0,"2019-08-14 23:38:42.000000","2019-08-15 00:18:14.000000",1.0,22.54,5.0,N,223.0,265.0,1.0,83.08,0.0,0.0,10.0,16.62,0.3,110.0,0.0
2.0,"2019-08-15 03:34:10.000000","2019-08-15 04:04:03.000000",1.0,21.04,3.0,N,163.0,1.0,1.0,74.0,0.5,0.0,18.46,17.5,0.3,110.76,0.0
2.0,"2019-08-15 07:30:51.000000","2019-08-15 08:12:13.000000",1.0,20.38,3.0,N,161.0,1.0,1.0,74.5,0.0,0.0,18.46,17.5,0.3,110.76,0.0
1.0,"2019-08-15 08:20:47.000000","2019-08-15 09:08:35.000000",1.0,18.8,1.0,N,132.0,265.0,1.0,54.0,0.0,0.5,56.0,0.0,0.3,110.8,0.0
2.0,"2019-08-15 09:06:08.000000","2019-08-15 09:59:31.000000",1.0,21.76,4.0,N,230.0,265.0,2.0,110.5,2.5,0.5,0.0,30.0,0.3,143.8,0.0
1.0,"2019-08-15 10:35:49.000000","2019-08-15 11:47:35.000000",3.0,31.3,1.0,N,230.0,209.0,1.0,88.0,2.5,0.5,10.0,8.92,0.3,110.22,2.5
2.0,"2019-08-15 10:57:28.000000","2019-08-15 13:04:05.000000",1.0,24.3,1.0,N,209.0,132.0,2.0,101.0,0.0,0.5,0.0,6.12,0.3,110.42,2.5
2.0,"2019-08-15 12:38:21.000000","2019-08-15 13:19:10.000000",1.0,30.73,5.0,N,129.0,265.0,1.0,104.0,0.0,0.0,0.0,6.12,0.3,110.42,0.0
2.0,"2019-08-15 12:36:45.000000","2019-08-15 13:27:58.000000",1.0,20.33,3.0,N,162.0,1.0,1.0,80.5,0.0,0.0,10.0,19.3,0.3,110.1,0.0
1.0,"2019-08-15 12:23:50.000000","2019-08-15 14:07:43.000000",2.0,19.5,5.0,N,230.0,265.0,2.0,100.0,0.0,0.0,0.0,10.5,0.3,110.8,0.0
2.0,"2019-08-15 12:15:34.000000","2019-08-15 12:17:15.000000",1.0,0.0,5.0,N,265.0,264.0,1.0,110.0,0.0,0.0,0.0,0.0,0.3,110.3,0.0
1.0,"2019-08-15 13:50:20.000000","2019-08-15 14:38:52.000000",1.0,17.3,3.0,N,170.0,1.0,1.0,71.5,0.0,0.0,22.1,16.62,0.3,110.52,0.0
2.0,"2019-08-15 13:17:07.000000","2019-08-15 14:11:56.000000",3.0,21.81,3.0,N,233.0,1.0,1.0,83.0,0.0,0.0,11.9,14.8,0.3,110.0,0.0
1.0,"2019-08-15 14:23:40.000000","2019-08-15 15:21:52.000000",1.0,35.8,3.0,N,132.0,1.0,1.0,110.5,0.0,0.0,13.35,22.74,0.3,146.89,0.0
2.0,"2019-08-15 14:00:52.000000","2019-08-15 14:57:05.000000",1.0,20.85,3.0,N,234.0,1.0,1.0,81.5,0.0,0.0,18.46,10.5,0.3,110.76,0.0
2.0,"2019-08-15 14:25:06.000000","2019-08-15 15:44:55.000000",1.0,20.0,3.0,N,162.0,1.0,1.0,86.5,0.0,0.0,5.0,18.5,0.3,110.3,0.0
2.0,"2019-08-15 14:43:24.000000","2019-08-15 14:43:27.000000",4.0,0.0,5.0,N,1.0,1.0,1.0,110.0,0.0,0.5,22.16,0.0,0.3,132.96,0.0
1.0,"2019-08-15 14:16:36.000000","2019-08-15 15:15:59.000000",2.0,13.2,3.0,N,148.0,1.0,1.0,70.0,0.0,0.0,22.15,18.5,0.3,110.95,0.0
1.0,"2019-08-15 15:43:41.000000","2019-08-15 16:50:57.000000",1.0,32.3,4.0,N,132.0,265.0,2.0,100.5,0.0,0.5,0.0,8.92,0.3,110.22,0.0
2.0,"2019-08-15 15:01:21.000000","2019-08-15 15:59:16.000000",1.0,17.38,3.0,N,233.0,1.0,1.0,73.5,0.0,0.0,22.07,14.5,0.3,110.37,0.0
2.0,"2019-08-15 15:39:50.000000","2019-08-15 16:40:06.000000",1.0,18.39,3.0,N,43.0,1.0,1.0,75.0,0.0,0.0,18.36,16.5,0.3,110.16,0.0
1.0,"2019-08-15 16:09:24.000000","2019-08-15 17:27:49.000000",1.0,18.0,3.0,N,161.0,1.0,2.0,84.0,1.0,0.0,0.0,25.0,0.3,110.3,0.0
2.0,"2019-08-15 17:03:14.000000","2019-08-16 00:00:00.000000",5.0,28.15,4.0,N,132.0,265.0,2.0,102.5,1.0,0.5,0.0,6.12,0.3,110.42,0.0
2.0,"2019-08-15 17:51:45.000000","2019-08-15 18:55:23.000000",1.0,30.4,1.0,N,132.0,265.0,1.0,84.0,1.0,0.5,18.38,6.12,0.3,110.3,0.0
2.0,"2019-08-15 17:27:58.000000","2019-08-15 18:27:04.000000",1.0,18.14,3.0,N,162.0,1.0,1.0,74.0,1.0,0.0,18.41,16.75,0.3,110.46,0.0
2.0,"2019-08-15 18:39:21.000000","2019-08-15 19:24:16.000000",1.0,17.7,3.0,N,142.0,1.0,1.0,68.5,1.0,0.0,25.53,15.3,0.3,110.63,0.0
1.0,"2019-08-15 18:58:57.000000","2019-08-15 18:59:27.000000",3.0,0.0,5.0,N,1.0,1.0,1.0,92.0,0.0,0.0,18.45,0.0,0.3,110.75,0.0
2.0,"2019-08-15 21:16:06.000000","2019-08-15 21:39:32.000000",1.0,16.81,5.0,N,138.0,265.0,1.0,110.0,0.0,0.5,15.0,6.12,0.3,131.92,0.0
2.0,"2019-08-15 21:34:06.000000","2019-08-15 23:33:45.000000",1.0,40.62,1.0,N,48.0,48.0,2.0,107.0,0.5,0.5,0.0,0.0,0.3,110.8,2.5
1.0,"2019-08-15 23:07:34.000000","2019-08-15 23:30:24.000000",1.0,12.1,5.0,N,68.0,265.0,2.0,100.0,0.0,0.0,0.0,10.5,0.3,110.8,0.0
2.0,"2019-08-16 01:30:59.000000","2019-08-16 01:59:20.000000",1.0,9.52,5.0,N,83.0,265.0,1.0,110.0,0.0,0.5,0.0,16.62,0.3,127.42,0.0
2.0,"2019-08-16 02:42:40.000000","2019-08-16 02:43:46.000000",1.0,0.0,5.0,N,35.0,264.0,1.0,110.0,0.0,0.5,5.0,0.0,0.3,115.8,0.0
2.0,"2019-08-16 03:20:15.000000","2019-08-17 00:00:00.000000",3.0,36.95,5.0,N,68.0,265.0,1.0,110.0,0.0,0.5,0.0,25.0,0.3,138.3,2.5
1.0,"2019-08-16 10:59:48.000000","2019-08-16 13:22:45.000000",2.0,12.5,1.0,N,238.0,238.0,1.0,87.0,2.5,0.5,20.0,0.0,0.3,110.3,2.5
2.0,"2019-08-16 11:54:30.000000","2019-08-16 13:12:06.000000",2.0,23.81,5.0,N,132.0,265.0,1.0,110.0,0.0,0.5,25.48,16.62,0.3,152.9,0.0
1.0,"2019-08-16 11:05:46.000000","2019-08-16 12:17:53.000000",1.0,25.8,4.0,N,138.0,265.0,1.0,110.0,0.0,0.5,2.0,6.12,0.3,118.92,0.0
2.0,"2019-08-16 12:07:59.000000","2019-08-16 12:08:12.000000",1.0,0.01,5.0,N,1.0,1.0,1.0,74.0,0.0,0.5,18.36,17.0,0.3,110.16,0.0
2.0,"2019-08-16 13:44:02.000000","2019-08-16 15:39:30.000000",4.0,35.25,1.0,N,230.0,132.0,1.0,110.5,0.0,0.5,23.98,6.12,0.3,143.9,2.5
1.0,"2019-08-16 14:24:33.000000","2019-08-16 15:36:07.000000",1.0,24.4,4.0,N,138.0,265.0,1.0,102.5,0.0,0.5,6.7,0.0,0.3,110.0,0.0
2.0,"2019-08-16 15:25:14.000000","2019-08-16 16:42:04.000000",5.0,15.64,3.0,N,48.0,265.0,1.0,79.5,0.0,0.0,18.46,12.5,0.3,110.76,0.0
1.0,"2019-08-16 16:38:09.000000","2019-08-16 17:41:12.000000",1.0,17.4,3.0,N,186.0,1.0,1.0,74.5,1.0,0.0,22.05,12.5,0.3,110.35,0.0
2.0,"2019-08-16 18:46:27.000000","2019-08-16 19:28:32.000000",2.0,8.63,5.0,N,48.0,265.0,1.0,80.0,0.0,0.0,15.0,12.5,0.3,110.3,2.5
1.0,"2019-08-17 00:09:53.000000","2019-08-17 00:10:24.000000",1.0,2.6,5.0,N,265.0,265.0,1.0,100.0,0.0,0.0,0.0,10.5,0.3,110.8,0.0
1.0,"2019-08-17 02:03:07.000000","2019-08-17 02:12:39.000000",2.0,6.5,5.0,N,82.0,131.0,2.0,110.0,0.0,0.0,0.0,0.0,0.3,110.3,0.0
2.0,"2019-08-17 02:09:31.000000","2019-08-17 02:51:51.000000",1.0,26.83,5.0,N,144.0,265.0,1.0,110.0,0.0,0.5,0.0,0.0,0.3,113.3,2.5
2.0,"2019-08-17 03:45:29.000000","2019-08-17 04:16:32.000000",1.0,21.14,3.0,N,162.0,1.0,1.0,74.0,0.5,0.0,18.46,17.5,0.3,110.76,0.0
1.0,"2019-08-17 07:08:01.000000","2019-08-17 07:43:14.000000",2.0,16.8,5.0,N,170.0,1.0,2.0,110.0,0.0,0.0,0.0,0.0,0.3,110.3,0.0
2.0,"2019-08-17 08:07:07.000000","2019-08-17 08:53:50.000000",1.0,37.58,1.0,N,135.0,44.0,1.0,97.5,0.0,0.5,0.0,12.24,0.3,110.54,0.0
2.0,"2019-08-17 08:21:52.000000","2019-08-17 08:51:30.000000",1.0,21.71,3.0,N,163.0,1.0,1.0,75.0,0.0,0.0,10.0,25.0,0.3,110.3,0.0
2.0,"2019-08-17 09:11:10.000000","2019-08-17 09:48:27.000000",1.0,20.18,3.0,N,236.0,1.0,1.0,72.5,0.0,0.0,25.59,12.5,0.3,110.89,0.0
2.0,"2019-08-17 10:58:24.000000","2019-08-17 11:45:22.000000",2.0,12.94,5.0,N,230.0,265.0,1.0,110.0,0.0,0.0,5.0,12.5,0.3,130.3,2.5
2.0,"2019-08-17 11:15:04.000000","2019-08-17 12:19:17.000000",1.0,25.94,5.0,N,132.0,265.0,2.0,110.0,0.0,0.5,0.0,18.62,0.3,129.42,0.0
2.0,"2019-08-17 12:10:12.000000","2019-08-17 12:10:12.000000",1.0,0.0,5.0,N,264.0,264.0,1.0,96.0,0.0,0.0,14.0,0.0,0.0,110.0,0.0
1.0,"2019-08-17 13:37:20.000000","2019-08-17 14:53:20.000000",1.0,13.2,5.0,N,138.0,265.0,1.0,98.0,0.0,0.0,0.0,12.5,0.3,110.8,0.0
1.0,"2019-08-17 13:39:40.000000","2019-08-17 14:09:01.000000",1.0,16.1,3.0,N,100.0,1.0,1.0,61.5,0.0,0.0,36.0,12.5,0.3,110.3,0.0
2.0,"2019-08-17 13:46:49.000000","2019-08-17 14:31:34.000000",2.0,17.34,3.0,N,230.0,1.0,1.0,69.5,0.0,0.0,18.46,22.5,0.3,110.76,0.0
2.0,"2019-08-17 14:27:27.000000","2019-08-17 15:12:40.000000",1.0,28.47,3.0,N,48.0,1.0,2.0,92.5,0.0,0.0,0.0,17.5,0.3,110.3,0.0
2.0,"2019-08-17 15:23:36.000000","2019-08-17 17:14:53.000000",1.0,34.85,1.0,N,5.0,173.0,1.0,110.5,0.0,0.5,0.0,0.0,0.3,111.3,0.0
1.0,"2019-08-17 17:18:57.000000","2019-08-17 18:13:35.000000",1.0,18.7,3.0,N,161.0,1.0,1.0,75.5,1.0,0.0,18.35,15.0,0.3,110.15,0.0
2.0,"2019-08-17 17:26:54.000000","2019-08-17 17:57:32.000000",2.0,14.72,5.0,N,161.0,265.0,1.0,110.0,0.0,0.0,26.28,18.6,0.3,157.68,2.5
2.0,"2019-08-17 17:23:14.000000","2019-08-17 18:29:55.000000",1.0,27.75,3.0,N,211.0,1.0,1.0,97.5,0.0,0.0,0.0,12.5,0.3,110.3,0.0
1.0,"2019-08-17 21:16:44.000000","2019-08-17 21:16:57.000000",1.0,0.0,5.0,N,48.0,48.0,1.0,85.0,0.0,0.0,25.55,0.0,0.3,110.85,0.0
1.0,"2019-08-18 04:15:31.000000","2019-08-18 04:41:52.000000",2.0,19.4,2.0,N,261.0,132.0,1.0,52.0,2.5,0.5,55.3,0.0,0.3,110.6,2.5
2.0,"2019-08-18 06:04:20.000000","2019-08-18 06:45:59.000000",1.0,29.36,3.0,N,262.0,1.0,2.0,95.5,0.0,0.0,0.0,14.8,0.3,110.6,0.0
1.0,"2019-08-18 12:44:59.000000","2019-08-18 12:45:52.000000",1.0,0.0,5.0,N,1.0,1.0,1.0,110.0,0.0,0.0,32.2,18.62,0.3,161.12,0.0
2.0,"2019-08-18 12:23:50.000000","2019-08-18 12:23:52.000000",1.0,0.0,5.0,N,264.0,264.0,1.0,95.0,0.0,0.0,15.0,0.0,0.3,110.3,0.0
2.0,"2019-08-18 13:28:08.000000","2019-08-18 13:28:20.000000",1.0,0.0,5.0,N,265.0,265.0,1.0,110.0,0.0,0.0,15.0,0.0,0.3,125.3,0.0
2.0,"2019-08-18 13:15:24.000000","2019-08-18 14:08:52.000000",1.0,17.73,3.0,N,230.0,1.0,1.0,75.5,0.0,0.0,22.08,12.5,0.3,110.38,0.0
2.0,"2019-08-18 14:18:13.000000","2019-08-18 14:57:17.000000",3.0,13.86,5.0,N,209.0,1.0,1.0,95.0,0.0,0.5,0.0,12.5,0.3,110.8,2.5
2.0,"2019-08-18 14:33:33.000000","2019-08-18 14:33:34.000000",2.0,0.35,5.0,N,264.0,264.0,1.0,110.0,0.0,0.0,22.06,0.0,0.3,132.36,0.0
1.0,"2019-08-18 15:22:20.000000","2019-08-18 16:30:42.000000",1.0,18.6,3.0,N,114.0,1.0,1.0,79.0,0.0,0.0,18.35,12.5,0.3,110.15,0.0
1.0,"2019-08-18 15:03:15.000000","2019-08-18 15:47:59.000000",1.0,17.3,3.0,N,50.0,1.0,1.0,67.0,0.0,0.0,18.45,25.0,0.3,110.75,0.0
2.0,"2019-08-18 15:16:14.000000","2019-08-18 16:16:42.000000",2.0,20.71,3.0,N,236.0,1.0,1.0,80.5,0.0,0.0,14.45,15.5,0.3,110.75,0.0
1.0,"2019-08-18 16:41:34.000000","2019-08-18 17:39:26.000000",1.0,38.6,5.0,N,132.0,265.0,1.0,110.0,0.0,0.0,10.0,0.0,0.3,120.3,0.0
2.0,"2019-08-18 16:37:40.000000","2019-08-18 17:15:46.000000",1.0,14.56,5.0,N,186.0,1.0,1.0,85.0,0.0,0.5,10.0,12.5,0.3,110.8,2.5
2.0,"2019-08-18 16:09:55.000000","2019-08-18 16:10:00.000000",1.0,0.0,5.0,N,264.0,264.0,1.0,100.0,0.0,0.5,10.0,0.0,0.0,110.5,0.0
1.0,"2019-08-18 17:54:25.000000","2019-08-18 18:31:15.000000",1.0,15.5,3.0,N,13.0,1.0,1.0,63.5,0.0,0.0,18.45,28.5,0.3,110.75,0.0
2.0,"2019-08-18 17:15:55.000000","2019-08-18 17:15:56.000000",1.0,0.64,5.0,N,265.0,264.0,1.0,95.0,0.0,0.5,15.0,0.0,0.3,110.8,0.0
2.0,"2019-08-18 18:23:57.000000","2019-08-18 19:02:40.000000",1.0,17.01,5.0,N,230.0,265.0,1.0,110.0,0.0,0.5,5.0,0.0,0.3,118.3,2.5
2.0,"2019-08-18 19:34:51.000000","2019-08-18 20:29:05.000000",1.0,29.73,4.0,N,132.0,265.0,2.0,103.5,0.0,0.5,0.0,6.12,0.3,110.42,0.0
2.0,"2019-08-18 19:16:33.000000","2019-08-18 19:16:35.000000",1.0,0.0,5.0,N,264.0,264.0,1.0,100.0,0.0,0.5,10.0,0.0,0.3,110.8,0.0
2.0,"2019-08-18 20:05:32.000000","2019-08-18 20:56:15.000000",2.0,31.17,4.0,N,264.0,265.0,1.0,110.0,0.5,0.5,0.0,6.12,0.3,117.42,0.0
2.0,"2019-08-18 20:10:01.000000","2019-08-18 21:00:08.000000",1.0,20.04,3.0,N,262.0,1.0,1.0,76.0,0.5,0.0,18.36,15.0,0.3,110.16,0.0
1.0,"2019-08-18 22:35:25.000000","2019-08-18 23:20:56.000000",1.0,35.9,3.0,N,132.0,1.0,1.0,110.0,0.5,0.0,10.0,22.74,0.3,143.54,0.0
2.0,"2019-08-18 22:31:15.000000","2019-08-18 22:31:28.000000",1.0,0.0,5.0,N,265.0,265.0,1.0,100.0,0.0,0.0,0.0,10.5,0.3,110.8,0.0
2.0,"2019-08-18 23:00:25.000000","2019-08-18 23:34:58.000000",3.0,20.36,5.0,N,132.0,265.0,2.0,110.0,0.0,0.0,0.0,10.5,0.3,123.3,2.5
1.0,"2019-08-19 01:39:12.000000","2019-08-19 01:39:43.000000",1.0,0.0,5.0,N,265.0,265.0,1.0,110.0,0.0,0.0,10.0,0.0,0.3,120.3,0.0
2.0,"2019-08-19 04:14:29.000000","2019-08-19 05:02:43.000000",4.0,29.69,5.0,N,132.0,1.0,1.0,110.0,0.0,0.5,0.0,19.5,0.3,132.8,2.5
1.0,"2019-08-19 05:01:31.000000","2019-08-19 05:55:22.000000",3.0,26.2,3.0,Y,161.0,1.0,1.0,89.5,0.5,0.0,10.0,10.5,0.3,110.8,0.0
2.0,"2019-08-19 07:20:26.000000","2019-08-19 07:49:55.000000",4.0,17.55,5.0,N,163.0,1.0,1.0,110.0,0.0,0.5,26.06,17.02,0.3,156.38,2.5
1.0,"2019-08-19 08:45:36.000000","2019-08-19 09:33:01.000000",4.0,18.4,3.0,N,142.0,265.0,1.0,72.5,0.0,0.0,18.4,19.3,0.3,110.5,0.0
1.0,"2019-08-19 08:58:36.000000","2019-08-19 09:37:49.000000",1.0,17.3,3.0,N,143.0,1.0,1.0,66.5,0.0,0.0,18.35,25.0,0.3,110.15,0.0
2.0,"2019-08-19 11:31:00.000000","2019-08-19 12:01:12.000000",1.0,21.85,5.0,N,129.0,265.0,1.0,110.0,0.0,0.5,20.0,0.0,0.3,130.8,0.0
1.0,"2019-08-19 13:11:17.000000","2019-08-19 14:34:09.000000",2.0,24.9,5.0,N,132.0,265.0,1.0,110.0,0.0,0.0,25.35,16.62,0.3,152.27,0.0
2.0,"2019-08-19 13:08:47.000000","2019-08-19 13:37:53.000000",1.0,12.55,5.0,N,138.0,265.0,1.0,110.0,0.0,0.0,25.38,16.62,0.3,152.3,0.0
2.0,"2019-08-19 13:24:08.000000","2019-08-19 14:20:06.000000",1.0,19.99,3.0,N,107.0,1.0,1.0,77.0,0.0,0.0,20.0,13.0,0.3,110.3,0.0
2.0,"2019-08-19 15:00:03.000000","2019-08-19 15:49:19.000000",1.0,19.6,3.0,N,264.0,264.0,1.0,74.5,0.0,0.0,18.46,17.5,0.3,110.76,0.0
2.0,"2019-08-19 14:07:40.000000","2019-08-19 14:43:51.000000",1.0,19.44,5.0,N,138.0,138.0,1.0,110.0,0.0,0.0,22.06,0.0,0.3,132.36,0.0
1.0,"2019-08-19 15:16:35.000000","2019-08-19 15:16:54.000000",1.0,0.0,5.0,N,1.0,1.0,1.0,110.0,0.0,0.0,0.0,0.0,0.3,110.3,0.0
2.0,"2019-08-19 16:53:49.000000","2019-08-19 17:57:27.000000",1.0,30.33,4.0,N,132.0,265.0,1.0,110.0,1.0,0.5,0.0,6.12,0.3,117.92,0.0
1.0,"2019-08-19 16:23:13.000000","2019-08-19 16:23:26.000000",1.0,0.0,5.0,N,138.0,138.0,1.0,110.0,0.0,0.0,1.0,0.0,0.3,111.3,0.0
2.0,"2019-08-19 17:38:36.000000","2019-08-19 18:26:06.000000",2.0,17.88,3.0,N,230.0,1.0,1.0,70.5,1.0,0.0,18.36,20.0,0.3,110.16,0.0
2.0,"2019-08-19 19:12:02.000000","2019-08-19 19:58:18.000000",6.0,19.52,3.0,N,238.0,1.0,1.0,75.5,1.0,0.0,18.46,15.5,0.3,110.76,0.0
1.0,"2019-08-19 19:22:11.000000","2019-08-19 20:14:36.000000",3.0,21.9,3.0,N,75.0,1.0,1.0,81.0,1.0,0.0,10.0,18.5,0.3,110.8,0.0
2.0,"2019-08-19 21:23:18.000000","2019-08-19 21:44:07.000000",1.0,12.11,5.0,N,246.0,265.0,1.0,78.0,0.0,0.0,15.0,15.0,0.3,110.8,2.5
1.0,"2019-08-20 07:09:16.000000","2019-08-20 07:47:24.000000",1.0,21.6,3.0,N,264.0,264.0,1.0,76.0,0.0,0.0,15.0,19.5,0.3,110.8,0.0
1.0,"2019-08-20 09:09:17.000000","2019-08-20 09:52:22.000000",1.0,20.1,3.0,N,43.0,1.0,1.0,73.5,0.0,0.0,18.35,18.0,0.3,110.15,0.0
1.0,"2019-08-20 11:35:51.000000","2019-08-20 11:36:10.000000",1.0,0.0,5.0,N,1.0,1.0,1.0,110.0,0.0,0.0,22.05,0.0,0.3,132.35,0.0
1.0,"2019-08-20 12:34:31.000000","2019-08-20 12:34:55.000000",1.0,0.0,5.0,N,1.0,1.0,3.0,85.0,0.0,0.0,0.0,25.0,0.3,110.3,0.0
2.0,"2019-08-20 12:03:23.000000","2019-08-20 13:05:33.000000",6.0,28.98,3.0,N,142.0,265.0,2.0,99.5,0.0,0.0,0.0,10.5,0.3,110.3,0.0
1.0,"2019-08-20 14:51:15.000000","2019-08-20 15:57:04.000000",2.0,23.1,5.0,N,223.0,265.0,1.0,110.0,0.0,0.0,20.0,16.62,0.3,146.92,0.0
1.0,"2019-08-20 14:15:30.000000","2019-08-20 15:28:17.000000",2.0,19.8,3.0,N,141.0,1.0,1.0,84.5,0.0,0.0,15.0,10.5,0.3,110.3,0.0
1.0,"2019-08-20 14:28:53.000000","2019-08-20 15:14:24.000000",1.0,16.4,5.0,N,164.0,1.0,1.0,110.0,0.0,0.0,22.05,0.0,0.3,132.35,0.0
2.0,"2019-08-20 15:41:09.000000","2019-08-20 15:41:24.000000",1.0,0.0,5.0,N,265.0,265.0,1.0,110.0,0.0,0.5,15.0,0.0,0.3,125.8,0.0
1.0,"2019-08-20 15:12:00.000000","2019-08-20 15:15:19.000000",1.0,0.4,1.0,N,236.0,236.0,1.0,4.0,2.5,0.5,110.0,0.0,0.3,117.3,2.5
2.0,"2019-08-20 15:14:36.000000","2019-08-20 15:58:20.000000",2.0,16.17,3.0,N,261.0,1.0,1.0,66.0,0.0,0.0,25.44,18.5,0.3,110.24,0.0
2.0,"2019-08-20 16:31:57.000000","2019-08-20 17:14:00.000000",1.0,15.47,5.0,N,132.0,100.0,1.0,110.0,0.0,0.0,0.0,0.0,0.3,112.8,2.5
2.0,"2019-08-20 16:58:27.000000","2019-08-20 17:59:38.000000",1.0,28.46,5.0,N,132.0,265.0,1.0,100.0,0.0,0.0,10.0,0.0,0.3,110.3,0.0
2.0,"2019-08-20 16:11:19.000000","2019-08-20 17:48:42.000000",4.0,38.42,1.0,N,132.0,16.0,2.0,110.0,1.0,0.5,0.0,0.0,0.3,111.8,0.0
1.0,"2019-08-20 18:26:08.000000","2019-08-20 19:28:32.000000",1.0,19.2,5.0,N,10.0,265.0,1.0,110.0,0.0,0.0,10.0,18.62,0.3,138.92,0.0
2.0,"2019-08-20 19:02:23.000000","2019-08-20 20:07:38.000000",1.0,24.06,5.0,N,132.0,265.0,1.0,110.0,0.0,0.5,0.0,18.62,0.3,131.92,2.5
2.0,"2019-08-20 21:30:11.000000","2019-08-20 21:30:14.000000",1.0,0.0,5.0,N,264.0,264.0,1.0,110.0,0.0,0.5,15.0,0.0,0.3,125.8,0.0
2.0,"2019-08-21 01:41:39.000000","2019-08-21 01:41:49.000000",1.0,0.74,5.0,N,132.0,132.0,1.0,100.0,0.0,0.5,10.0,0.0,0.3,110.8,0.0
2.0,"2019-08-21 04:59:37.000000","2019-08-21 05:32:55.000000",1.0,21.74,3.0,N,163.0,1.0,1.0,76.0,0.5,0.0,18.46,15.5,0.3,110.76,0.0
2.0,"2019-08-21 05:41:49.000000","2019-08-21 06:18:19.000000",3.0,25.05,5.0,N,132.0,265.0,1.0,110.0,0.0,0.5,10.0,18.62,0.3,139.42,0.0
2.0,"2019-08-21 05:48:50.000000","2019-08-21 05:48:54.000000",1.0,0.05,5.0,N,138.0,138.0,1.0,110.0,0.0,0.5,15.0,0.0,0.3,125.8,0.0
2.0,"2019-08-21 05:14:43.000000","2019-08-21 05:50:11.000000",1.0,30.74,3.0,N,264.0,264.0,2.0,97.5,0.5,0.0,0.0,12.5,0.3,110.8,0.0
2.0,"2019-08-21 06:56:30.000000","2019-08-21 07:13:23.000000",3.0,9.62,5.0,N,48.0,265.0,1.0,110.0,0.0,0.5,25.16,12.5,0.3,150.96,2.5
2.0,"2019-08-21 09:42:58.000000","2019-08-21 10:23:39.000000",1.0,14.0,4.0,N,186.0,265.0,1.0,72.5,0.0,0.5,18.36,16.0,0.3,110.16,2.5
1.0,"2019-08-21 11:14:16.000000","2019-08-21 12:04:11.000000",4.0,19.6,3.0,N,230.0,1.0,1.0,76.0,0.0,0.0,18.35,15.5,0.3,110.15,0.0
2.0,"2019-08-21 12:03:47.000000","2019-08-21 12:47:45.000000",1.0,28.08,3.0,N,41.0,265.0,1.0,94.0,0.0,0.0,0.0,16.5,0.3,110.8,0.0
1.0,"2019-08-21 13:38:02.000000","2019-08-21 13:38:17.000000",3.0,0.0,5.0,N,1.0,1.0,1.0,80.0,0.0,0.0,12.7,17.0,0.3,110.0,0.0
1.0,"2019-08-21 14:02:25.000000","2019-08-21 15:18:36.000000",2.0,24.9,3.0,N,146.0,1.0,2.0,95.0,0.0,0.0,0.0,15.5,0.3,110.8,0.0
2.0,"2019-08-21 15:47:54.000000","2019-08-21 16:34:44.000000",1.0,19.87,3.0,N,161.0,1.0,1.0,75.0,0.0,0.0,18.36,16.5,0.3,110.16,0.0
2.0,"2019-08-21 15:10:01.000000","2019-08-21 16:06:21.000000",1.0,19.66,3.0,N,141.0,1.0,1.0,75.5,0.0,0.0,18.36,16.0,0.3,110.16,0.0
2.0,"2019-08-21 16:55:40.000000","2019-08-21 18:25:45.000000",1.0,21.65,5.0,N,132.0,265.0,1.0,110.0,0.0,0.0,0.0,18.62,0.3,131.42,2.5
2.0,"2019-08-21 16:12:10.000000","2019-08-21 17:32:50.000000",1.0,22.39,5.0,N,132.0,265.0,1.0,110.0,0.0,0.0,31.32,12.5,0.3,156.62,2.5
2.0,"2019-08-21 17:26:05.000000","2019-08-21 18:18:22.000000",2.0,14.66,5.0,N,138.0,265.0,1.0,110.0,0.0,0.0,25.78,18.62,0.3,154.7,0.0
2.0,"2019-08-21 17:54:49.000000","2019-08-21 18:38:57.000000",1.0,21.29,5.0,N,132.0,265.0,1.0,96.0,0.0,0.0,8.0,6.12,0.3,110.42,0.0
2.0,"2019-08-21 17:26:37.000000","2019-08-21 18:31:25.000000",1.0,19.08,3.0,N,43.0,1.0,1.0,78.0,1.0,0.0,18.36,12.5,0.3,110.16,0.0
2.0,"2019-08-21 18:11:38.000000","2019-08-21 18:59:21.000000",2.0,15.17,5.0,N,261.0,265.0,1.0,110.0,0.0,0.0,0.0,12.5,0.3,122.8,0.0
1.0,"2019-08-21 19:03:32.000000","2019-08-21 20:06:29.000000",2.0,35.5,3.0,N,132.0,1.0,1.0,110.5,1.0,0.0,5.0,12.24,0.3,129.04,0.0
2.0,"2019-08-21 20:14:13.000000","2019-08-21 21:12:18.000000",1.0,29.12,4.0,N,230.0,265.0,1.0,97.0,0.5,0.5,10.08,0.0,0.3,110.88,2.5
1.0,"2019-08-21 21:48:34.000000","2019-08-21 22:49:47.000000",1.0,39.5,5.0,N,164.0,265.0,1.0,110.0,0.0,0.0,15.0,6.12,0.3,131.42,0.0
2.0,"2019-08-21 22:20:10.000000","2019-08-21 22:58:37.000000",1.0,17.63,3.0,N,137.0,1.0,1.0,67.5,0.5,0.0,25.44,16.5,0.3,110.24,0.0
2.0,"2019-08-21 23:22:26.000000","2019-08-22 00:17:34.000000",1.0,20.26,5.0,N,138.0,265.0,1.0,110.0,0.0,0.0,24.66,10.5,0.3,147.96,2.5
2.0,"2019-08-22 00:27:24.000000","2019-08-22 00:27:30.000000",1.0,0.0,5.0,N,265.0,264.0,1.0,100.0,0.0,0.0,10.0,0.0,0.3,110.3,0.0
2.0,"2019-08-22 04:12:38.000000","2019-08-22 04:38:38.000000",1.0,16.36,5.0,N,68.0,265.0,1.0,110.0,0.0,0.5,37.14,10.5,0.3,160.94,2.5
2.0,"2019-08-22 05:52:37.000000","2019-08-22 06:36:31.000000",1.0,21.79,3.0,N,239.0,1.0,1.0,78.5,0.5,0.0,14.37,16.5,0.3,110.17,0.0
2.0,"2019-08-22 08:41:02.000000","2019-08-22 09:18:17.000000",1.0,20.5,3.0,N,230.0,1.0,1.0,72.5,0.0,0.0,20.0,17.5,0.3,110.3,0.0
2.0,"2019-08-22 09:19:19.000000","2019-08-22 10:31:12.000000",1.0,18.44,3.0,N,237.0,1.0,1.0,83.5,0.0,0.0,16.0,10.5,0.3,110.3,0.0
2.0,"2019-08-22 10:23:27.000000","2019-08-22 11:21:50.000000",1.0,18.3,3.0,N,233.0,1.0,1.0,77.5,0.0,0.0,22.08,10.5,0.3,110.38,0.0
1.0,"2019-08-22 10:33:58.000000","2019-08-22 10:34:33.000000",0.0,0.0,5.0,N,246.0,246.0,1.0,100.0,0.0,0.0,10.0,0.0,0.3,110.3,0.0
2.0,"2019-08-22 13:53:37.000000","2019-08-22 14:37:16.000000",3.0,20.12,3.0,N,161.0,1.0,1.0,76.0,0.0,0.0,18.36,15.5,0.3,110.16,0.0
2.0,"2019-08-22 13:35:00.000000","2019-08-22 15:23:33.000000",2.0,36.05,1.0,N,236.0,174.0,1.0,110.0,0.0,0.5,24.44,8.92,0.3,146.66,2.5
1.0,"2019-08-22 14:17:57.000000","2019-08-22 15:08:53.000000",1.0,19.4,3.0,N,164.0,1.0,1.0,77.0,0.0,0.0,13.0,20.5,0.3,110.8,0.0
2.0,"2019-08-22 14:52:21.000000","2019-08-22 15:39:03.000000",2.0,17.4,5.0,N,264.0,264.0,1.0,110.0,0.0,0.0,22.56,0.0,0.3,135.36,2.5
1.0,"2019-08-22 15:00:24.000000","2019-08-22 15:59:05.000000",1.0,25.8,4.0,N,132.0,265.0,1.0,85.5,0.0,0.5,18.45,6.12,0.3,110.87,0.0
2.0,"2019-08-22 15:42:23.000000","2019-08-22 16:39:56.000000",1.0,17.66,3.0,N,161.0,1.0,1.0,71.5,0.0,0.0,18.46,20.5,0.3,110.76,0.0
2.0,"2019-08-22 15:07:13.000000","2019-08-22 16:07:10.000000",2.0,17.67,3.0,N,164.0,1.0,1.0,75.0,0.0,0.0,18.38,16.62,0.3,110.3,0.0
2.0,"2019-08-22 16:15:19.000000","2019-08-22 17:17:32.000000",1.0,17.45,3.0,N,186.0,1.0,1.0,73.5,1.0,0.0,18.46,17.5,0.3,110.76,0.0
2.0,"2019-08-22 16:25:57.000000","2019-08-22 17:34:54.000000",4.0,17.25,3.0,N,186.0,1.0,1.0,78.0,1.0,0.0,18.36,12.5,0.3,110.16,0.0
1.0,"2019-08-22 16:07:31.000000","2019-08-22 17:30:27.000000",1.0,28.2,4.0,N,138.0,265.0,2.0,110.0,1.0,0.5,0.0,0.0,0.3,111.8,0.0
2.0,"2019-08-22 16:26:51.000000","2019-08-22 17:57:02.000000",1.0,13.72,3.0,N,231.0,1.0,1.0,79.5,1.0,0.0,16.7,12.5,0.3,110.0,0.0
2.0,"2019-08-22 16:24:36.000000","2019-08-22 17:33:59.000000",1.0,18.01,3.0,N,233.0,1.0,1.0,78.0,1.0,0.0,18.36,12.5,0.3,110.16,0.0
2.0,"2019-08-22 16:26:07.000000","2019-08-22 17:36:02.000000",1.0,21.44,3.0,N,161.0,1.0,2.0,85.5,1.0,0.0,0.0,23.5,0.3,110.3,0.0
2.0,"2019-08-22 17:11:39.000000","2019-08-22 17:11:47.000000",3.0,0.03,5.0,N,237.0,237.0,1.0,89.0,0.0,0.5,18.46,0.0,0.3,110.76,2.5
1.0,"2019-08-22 17:40:47.000000","2019-08-22 18:50:32.000000",1.0,26.4,4.0,Y,100.0,265.0,2.0,100.0,3.5,0.5,0.0,6.12,0.3,110.42,2.5
1.0,"2019-08-22 18:04:53.000000","2019-08-22 18:13:59.000000",1.0,3.2,5.0,N,265.0,1.0,1.0,95.0,0.0,0.0,15.0,0.0,0.3,110.3,0.0
2.0,"2019-08-22 19:20:59.000000","2019-08-22 20:07:21.000000",3.0,21.72,3.0,N,140.0,1.0,1.0,78.5,1.0,0.0,18.46,12.5,0.3,110.76,0.0
2.0,"2019-08-22 20:59:28.000000","2019-08-22 21:44:15.000000",1.0,17.58,3.0,N,142.0,1.0,1.0,69.0,0.5,0.0,18.48,22.6,0.3,110.88,0.0
2.0,"2019-08-22 21:27:23.000000","2019-08-22 21:27:42.000000",1.0,0.0,5.0,N,265.0,265.0,1.0,110.0,0.0,0.0,12.0,10.5,0.3,132.8,0.0
1.0,"2019-08-23 00:55:38.000000","2019-08-23 01:42:48.000000",2.0,28.8,4.0,N,79.0,265.0,1.0,110.5,3.0,0.5,22.85,0.0,0.3,137.15,2.5
2.0,"2019-08-23 05:30:59.000000","2019-08-23 05:59:02.000000",1.0,20.6,3.0,N,48.0,1.0,1.0,72.0,0.5,0.0,18.46,19.5,0.3,110.76,0.0
2.0,"2019-08-23 08:23:54.000000","2019-08-23 09:02:32.000000",2.0,19.1,3.0,N,163.0,265.0,1.0,71.5,0.0,0.0,18.46,20.5,0.3,110.76,0.0
2.0,"2019-08-23 08:43:57.000000","2019-08-23 09:47:52.000000",1.0,17.99,3.0,N,230.0,1.0,1.0,79.0,0.0,0.0,18.36,12.5,0.3,110.16,0.0
2.0,"2019-08-23 08:16:28.000000","2019-08-23 10:13:37.000000",2.0,20.69,1.0,N,223.0,265.0,2.0,88.5,0.0,0.5,0.0,18.62,0.3,110.42,2.5
2.0,"2019-08-23 10:55:15.000000","2019-08-23 12:59:20.000000",1.0,24.47,1.0,N,230.0,230.0,2.0,95.0,0.0,0.5,0.0,12.24,0.3,110.54,2.5
1.0,"2019-08-23 11:37:59.000000","2019-08-23 12:22:29.000000",1.0,17.2,3.0,Y,142.0,1.0,1.0,71.0,0.0,0.0,22.15,17.5,0.3,110.95,0.0
2.0,"2019-08-23 11:03:53.000000","2019-08-23 12:00:52.000000",4.0,17.33,5.0,N,161.0,1.0,2.0,85.0,0.0,0.0,0.0,22.5,0.3,110.3,2.5
2.0,"2019-08-23 12:12:20.000000","2019-08-23 12:48:34.000000",1.0,24.82,4.0,N,132.0,265.0,1.0,110.5,0.0,0.5,22.26,0.0,0.3,133.56,0.0
2.0,"2019-08-23 12:47:11.000000","2019-08-23 13:38:48.000000",1.0,18.31,3.0,N,68.0,265.0,1.0,74.0,0.0,0.0,25.44,10.5,0.3,110.24,0.0
1.0,"2019-08-23 12:33:58.000000","2019-08-23 12:57:38.000000",1.0,4.2,5.0,N,246.0,265.0,1.0,100.0,0.0,0.0,10.0,0.0,0.3,110.3,0.0
1.0,"2019-08-23 12:43:09.000000","2019-08-23 13:37:05.000000",1.0,17.4,3.0,N,100.0,1.0,1.0,74.0,0.0,0.0,25.4,10.5,0.3,110.2,0.0
2.0,"2019-08-23 13:05:50.000000","2019-08-23 13:15:28.000000",1.0,0.53,1.0,N,162.0,161.0,1.0,7.0,0.0,0.5,100.0,0.0,0.3,110.3,2.5
2.0,"2019-08-23 13:12:42.000000","2019-08-23 13:12:58.000000",5.0,0.0,5.0,N,265.0,265.0,1.0,110.0,0.0,0.5,0.0,0.0,0.3,110.8,0.0
2.0,"2019-08-23 14:34:56.000000","2019-08-23 14:34:57.000000",1.0,0.0,5.0,N,264.0,264.0,1.0,110.0,0.0,0.5,5.08,0.0,0.3,115.88,0.0
1.0,"2019-08-23 15:57:33.000000","2019-08-23 17:09:53.000000",1.0,18.0,3.0,N,161.0,1.0,1.0,79.0,0.0,0.0,18.35,12.5,0.3,110.15,0.0
2.0,"2019-08-23 15:43:44.000000","2019-08-23 16:27:55.000000",1.0,18.19,5.0,N,138.0,265.0,1.0,110.0,0.0,0.5,0.0,0.0,0.3,110.8,0.0
2.0,"2019-08-23 15:15:46.000000","2019-08-23 16:09:25.000000",1.0,24.08,4.0,N,132.0,265.0,1.0,109.5,0.0,0.5,0.0,0.0,0.3,110.3,0.0
1.0,"2019-08-23 16:00:48.000000","2019-08-23 17:42:04.000000",1.0,23.0,5.0,N,132.0,265.0,1.0,110.5,0.0,0.0,12.0,18.62,0.3,141.42,0.0
2.0,"2019-08-23 16:49:45.000000","2019-08-23 17:54:22.000000",1.0,30.42,4.0,N,132.0,265.0,2.0,110.0,1.0,0.5,0.0,6.12,0.3,117.92,0.0
2.0,"2019-08-23 16:15:58.000000","2019-08-23 18:01:14.000000",1.0,27.87,3.0,N,141.0,1.0,1.0,110.5,1.0,0.0,10.0,26.62,0.3,148.42,0.0
2.0,"2019-08-23 16:27:12.000000","2019-08-23 17:15:05.000000",4.0,17.51,5.0,N,48.0,1.0,1.0,110.0,0.0,0.5,25.65,14.95,0.3,153.9,2.5
2.0,"2019-08-23 17:00:33.000000","2019-08-23 17:41:45.000000",1.0,15.22,5.0,N,138.0,265.0,1.0,110.0,0.0,0.0,15.0,6.12,0.3,131.42,0.0
2.0,"2019-08-23 17:37:45.000000","2019-08-23 18:44:43.000000",1.0,30.72,4.0,N,132.0,265.0,1.0,110.0,1.0,0.5,23.58,6.12,0.3,141.5,0.0
2.0,"2019-08-23 18:02:20.000000","2019-08-23 18:48:21.000000",2.0,27.34,4.0,N,138.0,265.0,1.0,109.0,1.0,0.5,0.0,0.0,0.3,110.8,0.0
2.0,"2019-08-23 19:48:10.000000","2019-08-23 19:48:21.000000",4.0,0.0,5.0,N,132.0,264.0,1.0,91.1,0.0,0.5,18.38,0.0,0.3,110.28,0.0
2.0,"2019-08-23 20:07:02.000000","2019-08-23 20:49:20.000000",6.0,19.28,3.0,N,238.0,1.0,1.0,72.0,0.5,0.0,18.46,19.5,0.3,110.76,0.0
1.0,"2019-08-23 21:06:29.000000","2019-08-23 21:48:17.000000",2.0,27.7,4.0,Y,138.0,265.0,2.0,109.0,0.5,0.5,0.0,0.0,0.3,110.3,0.0
2.0,"2019-08-23 22:51:55.000000","2019-08-23 22:51:58.000000",5.0,0.0,5.0,N,164.0,164.0,2.0,110.0,0.0,0.5,0.0,0.0,0.3,110.8,0.0
2.0,"2019-08-24 00:11:30.000000","2019-08-24 00:11:55.000000",1.0,0.12,5.0,N,265.0,265.0,1.0,110.0,0.0,0.0,15.0,0.0,0.3,125.3,0.0
2.0,"2019-08-24 03:13:03.000000","2019-08-24 03:13:16.000000",2.0,0.0,5.0,N,265.0,265.0,1.0,100.0,0.0,0.0,10.0,0.0,0.3,110.3,0.0
1.0,"2019-08-24 05:49:18.000000","2019-08-24 05:49:43.000000",1.0,3.6,5.0,N,265.0,265.0,1.0,110.8,0.0,0.0,10.0,0.0,0.3,121.1,0.0
1.0,"2019-08-24 07:56:12.000000","2019-08-24 07:56:35.000000",1.0,0.0,5.0,N,1.0,1.0,1.0,75.0,0.0,0.0,17.0,18.5,0.3,110.8,0.0
2.0,"2019-08-24 08:32:21.000000","2019-08-24 09:58:32.000000",1.0,33.08,5.0,N,132.0,265.0,1.0,110.0,0.0,0.5,50.0,16.62,0.3,179.92,2.5
1.0,"2019-08-24 11:34:38.000000","2019-08-24 12:34:19.000000",1.0,18.4,3.0,N,238.0,1.0,1.0,79.0,0.0,0.0,18.35,12.5,0.3,110.15,0.0
2.0,"2019-08-24 12:42:06.000000","2019-08-24 13:27:11.000000",5.0,19.24,5.0,N,138.0,265.0,1.0,110.0,0.0,0.5,0.0,0.0,0.3,110.8,0.0
2.0,"2019-08-24 13:25:56.000000","2019-08-24 14:52:11.000000",4.0,38.5,5.0,N,138.0,265.0,2.0,110.0,0.0,0.5,0.0,18.62,0.3,131.92,2.5
2.0,"2019-08-24 14:27:09.000000","2019-08-24 15:29:48.000000",1.0,30.68,4.0,N,132.0,265.0,1.0,110.5,0.0,0.5,23.48,6.12,0.3,140.9,0.0
2.0,"2019-08-24 14:49:31.000000","2019-08-24 15:38:26.000000",2.0,17.82,3.0,N,164.0,1.0,1.0,74.0,0.0,0.0,18.36,17.5,0.3,110.16,0.0
1.0,"2019-08-24 16:48:34.000000","2019-08-24 17:48:56.000000",4.0,1.2,5.0,N,186.0,265.0,1.0,110.0,0.0,0.0,0.0,0.0,0.3,110.3,0.0
2.0,"2019-08-24 16:12:26.000000","2019-08-24 16:12:39.000000",1.0,0.0,5.0,N,265.0,265.0,1.0,110.0,0.0,0.5,0.0,0.0,0.3,110.8,0.0
2.0,"2019-08-24 17:54:41.000000","2019-08-24 18:32:16.000000",2.0,20.35,3.0,N,163.0,1.0,1.0,73.0,0.0,0.0,15.88,20.9,0.3,110.08,0.0
2.0,"2019-08-24 17:31:07.000000","2019-08-24 18:39:11.000000",1.0,16.55,5.0,N,132.0,132.0,1.0,110.0,0.0,0.5,2.59,16.0,0.3,129.39,0.0
1.0,"2019-08-24 17:37:00.000000","2019-08-24 18:05:05.000000",3.0,9.4,5.0,N,163.0,265.0,1.0,110.0,0.0,0.0,5.0,0.0,0.3,115.3,0.0
2.0,"2019-08-24 23:04:50.000000","2019-08-25 00:04:11.000000",2.0,20.92,5.0,N,132.0,265.0,1.0,110.0,0.0,0.5,10.0,16.62,0.3,139.92,2.5
2.0,"2019-08-25 01:09:04.000000","2019-08-25 01:09:18.000000",1.0,0.0,5.0,N,265.0,265.0,1.0,100.0,0.0,0.0,10.0,0.0,0.3,110.3,0.0
2.0,"2019-08-25 04:58:26.000000","2019-08-25 05:53:32.000000",5.0,35.12,3.0,N,132.0,1.0,1.0,110.0,0.5,0.0,25.48,16.62,0.3,152.9,0.0
2.0,"2019-08-25 04:13:29.000000","2019-08-25 04:13:35.000000",3.0,0.0,5.0,N,264.0,264.0,1.0,110.0,0.0,0.0,22.06,0.0,0.3,132.36,0.0
2.0,"2019-08-25 07:25:57.000000","2019-08-25 08:04:48.000000",1.0,28.87,5.0,N,107.0,265.0,1.0,110.0,0.0,0.0,10.0,0.0,0.3,122.8,2.5
2.0,"2019-08-25 08:35:20.000000","2019-08-25 09:11:05.000000",4.0,20.94,3.0,N,74.0,1.0,1.0,74.0,0.0,0.0,18.36,17.5,0.3,110.16,0.0
2.0,"2019-08-25 10:23:36.000000","2019-08-25 10:49:18.000000",4.0,7.24,5.0,N,265.0,265.0,1.0,110.0,0.0,0.5,10.0,10.5,0.3,131.3,0.0
2.0,"2019-08-25 11:09:26.000000","2019-08-25 11:35:31.000000",1.0,13.14,5.0,N,138.0,265.0,1.0,110.0,0.0,0.0,0.0,0.0,0.3,110.3,0.0
1.0,"2019-08-25 11:17:25.000000","2019-08-25 11:49:20.000000",1.0,18.6,3.0,N,186.0,265.0,1.0,67.5,0.0,0.0,18.0,25.0,0.3,110.8,0.0
2.0,"2019-08-25 14:10:34.000000","2019-08-25 14:10:52.000000",1.0,0.0,5.0,N,265.0,265.0,1.0,92.0,0.0,0.0,18.46,0.0,0.3,110.76,0.0
2.0,"2019-08-25 14:58:12.000000","2019-08-25 15:51:40.000000",1.0,20.91,3.0,N,166.0,1.0,1.0,79.5,0.0,0.0,18.46,12.5,0.3,110.76,0.0
2.0,"2019-08-25 15:09:53.000000","2019-08-25 15:49:33.000000",5.0,19.09,3.0,N,230.0,1.0,1.0,71.5,0.0,0.0,18.44,20.4,0.3,110.64,0.0
1.0,"2019-08-25 17:24:45.000000","2019-08-25 18:22:25.000000",1.0,11.9,5.0,N,138.0,265.0,1.0,78.0,0.0,0.0,13.08,18.62,0.3,110.0,0.0
1.0,"2019-08-25 17:49:52.000000","2019-08-25 18:40:22.000000",1.0,17.8,3.0,N,162.0,1.0,1.0,73.5,0.0,0.0,18.45,18.5,0.3,110.75,0.0
2.0,"2019-08-25 18:51:09.000000","2019-08-25 18:51:19.000000",1.0,0.0,5.0,N,1.0,264.0,1.0,90.0,0.0,0.5,20.0,0.0,0.3,110.8,0.0
1.0,"2019-08-26 06:59:17.000000","2019-08-26 07:58:10.000000",1.0,34.7,5.0,N,132.0,265.0,1.0,110.0,0.0,0.0,0.0,0.0,0.3,110.3,0.0
1.0,"2019-08-26 07:59:43.000000","2019-08-26 08:36:17.000000",1.0,16.5,5.0,N,162.0,1.0,2.0,110.0,0.0,0.0,0.0,0.0,0.3,110.3,0.0
2.0,"2019-08-26 07:13:23.000000","2019-08-26 07:47:21.000000",1.0,20.34,3.0,N,163.0,1.0,1.0,73.5,0.0,0.0,18.46,18.5,0.3,110.76,0.0
2.0,"2019-08-26 08:00:54.000000","2019-08-26 09:05:17.000000",1.0,17.42,3.0,N,161.0,1.0,1.0,75.5,0.0,0.0,22.08,12.5,0.3,110.38,0.0
1.0,"2019-08-26 09:55:36.000000","2019-08-26 10:55:29.000000",0.0,30.5,4.0,N,132.0,265.0,2.0,110.0,0.0,0.5,0.0,6.12,0.3,116.92,0.0
1.0,"2019-08-26 09:00:31.000000","2019-08-26 09:32:50.000000",1.0,24.5,4.0,N,132.0,265.0,1.0,110.0,0.0,0.5,0.0,0.0,0.3,110.8,0.0
1.0,"2019-08-26 12:25:48.000000","2019-08-26 13:13:25.000000",1.0,19.3,3.0,N,170.0,1.0,1.0,74.5,0.0,0.0,15.0,21.0,0.3,110.8,0.0
2.0,"2019-08-26 14:35:14.000000","2019-08-26 16:09:36.000000",2.0,45.64,5.0,N,138.0,265.0,1.0,110.0,0.0,0.5,106.25,22.74,0.3,239.79,0.0
1.0,"2019-08-26 14:18:28.000000","2019-08-26 15:03:11.000000",2.0,19.5,3.0,N,163.0,1.0,1.0,75.0,0.0,0.0,18.35,16.5,0.3,110.15,0.0
2.0,"2019-08-26 15:50:13.000000","2019-08-26 17:07:52.000000",1.0,35.91,1.0,N,132.0,204.0,2.0,97.0,0.0,0.5,0.0,12.24,0.3,110.04,0.0
2.0,"2019-08-26 15:14:27.000000","2019-08-26 15:50:42.000000",1.0,12.76,5.0,N,249.0,1.0,1.0,75.0,0.0,0.0,18.41,14.25,0.3,110.46,2.5
2.0,"2019-08-26 15:19:42.000000","2019-08-26 16:03:14.000000",1.0,13.1,5.0,N,249.0,1.0,1.0,82.0,0.0,0.5,14.37,10.5,0.3,110.17,2.5
1.0,"2019-08-26 16:09:58.000000","2019-08-26 17:01:23.000000",1.0,17.1,3.0,N,87.0,1.0,1.0,70.5,1.0,0.0,18.35,20.0,0.3,110.15,0.0
2.0,"2019-08-26 16:08:46.000000","2019-08-26 17:07:34.000000",1.0,24.36,4.0,N,132.0,265.0,1.0,110.0,1.0,0.5,22.36,0.0,0.3,134.16,0.0
1.0,"2019-08-26 16:51:30.000000","2019-08-26 17:47:50.000000",1.0,18.3,3.0,N,229.0,1.0,1.0,74.5,1.0,0.0,22.05,12.5,0.3,110.35,0.0
2.0,"2019-08-26 16:28:56.000000","2019-08-26 17:19:04.000000",1.0,20.06,3.0,N,161.0,1.0,1.0,73.5,1.0,0.0,18.46,17.5,0.3,110.76,0.0
2.0,"2019-08-26 18:59:49.000000","2019-08-26 19:47:52.000000",1.0,24.68,5.0,N,132.0,265.0,1.0,110.0,0.0,0.0,25.78,18.62,0.3,154.7,0.0
2.0,"2019-08-26 18:56:31.000000","2019-08-26 19:54:50.000000",2.0,35.09,3.0,N,138.0,1.0,2.0,110.5,5.5,0.0,0.0,18.62,0.3,134.92,0.0
2.0,"2019-08-26 18:56:52.000000","2019-08-26 19:10:43.000000",1.0,9.42,5.0,N,186.0,265.0,1.0,70.0,0.0,0.0,25.59,12.5,0.3,110.89,2.5
2.0,"2019-08-26 20:34:45.000000","2019-08-26 21:17:20.000000",1.0,19.9,5.0,N,132.0,265.0,1.0,110.0,0.0,0.5,2.0,10.5,0.3,125.8,2.5
2.0,"2019-08-26 20:06:44.000000","2019-08-26 20:46:56.000000",2.0,26.03,5.0,N,132.0,265.0,1.0,110.0,0.0,0.0,0.0,16.62,0.3,126.92,0.0
1.0,"2019-08-26 21:05:45.000000","2019-08-26 21:52:49.000000",1.0,23.2,5.0,N,132.0,265.0,2.0,110.0,0.0,0.0,0.0,14.7,0.3,125.0,0.0
1.0,"2019-08-26 21:17:29.000000","2019-08-26 22:00:06.000000",1.0,12.8,5.0,N,138.0,265.0,1.0,110.0,0.0,0.0,22.05,0.0,0.3,132.35,0.0
2.0,"2019-08-26 23:10:25.000000","2019-08-26 23:53:20.000000",1.0,20.13,5.0,N,219.0,265.0,2.0,110.0,0.0,0.0,0.0,10.5,0.3,123.3,2.5
1.0,"2019-08-27 02:05:53.000000","2019-08-27 02:39:52.000000",1.0,23.1,5.0,N,68.0,265.0,1.0,100.0,0.0,0.0,0.0,10.5,0.3,110.8,0.0
2.0,"2019-08-27 09:23:19.000000","2019-08-27 10:01:36.000000",3.0,20.25,5.0,N,13.0,265.0,1.0,110.0,0.0,0.0,22.56,0.0,0.3,135.36,2.5
1.0,"2019-08-27 10:02:36.000000","2019-08-27 10:59:55.000000",1.0,35.5,3.0,N,132.0,1.0,2.0,110.0,0.0,0.0,0.0,22.74,0.3,133.04,0.0
2.0,"2019-08-27 10:02:02.000000","2019-08-27 10:54:23.000000",1.0,36.16,3.0,N,132.0,1.0,1.0,110.5,0.0,0.0,5.0,22.74,0.3,138.54,0.0
2.0,"2019-08-27 10:07:39.000000","2019-08-27 10:48:05.000000",1.0,20.02,3.0,N,163.0,1.0,1.0,76.5,0.0,0.0,18.38,15.1,0.3,110.28,0.0
2.0,"2019-08-27 11:48:47.000000","2019-08-27 11:49:31.000000",1.0,0.0,5.0,N,265.0,264.0,1.0,100.0,0.0,0.0,10.0,0.0,0.3,110.3,0.0
2.0,"2019-08-27 12:37:29.000000","2019-08-27 13:15:48.000000",1.0,25.09,4.0,N,132.0,265.0,2.0,110.5,0.0,0.5,0.0,0.0,0.3,111.3,0.0
1.0,"2019-08-27 13:16:07.000000","2019-08-27 13:54:22.000000",1.0,21.5,5.0,N,68.0,265.0,2.0,100.0,0.0,0.0,0.0,10.5,0.3,110.8,0.0
1.0,"2019-08-27 15:35:13.000000","2019-08-27 16:22:35.000000",1.0,25.1,3.0,N,166.0,1.0,1.0,84.5,0.0,0.0,15.0,10.5,0.3,110.3,0.0
2.0,"2019-08-27 15:10:23.000000","2019-08-27 16:25:02.000000",1.0,24.21,5.0,N,132.0,265.0,2.0,110.0,0.0,0.5,0.0,18.62,0.3,129.42,0.0
2.0,"2019-08-27 16:43:40.000000","2019-08-27 16:45:46.000000",2.0,0.0,5.0,N,116.0,264.0,1.0,91.0,0.0,0.5,18.36,0.0,0.3,110.16,0.0
1.0,"2019-08-27 17:09:03.000000","2019-08-27 17:09:45.000000",4.0,0.0,5.0,N,1.0,1.0,1.0,100.0,0.0,0.0,10.0,0.0,0.3,110.3,0.0
2.0,"2019-08-27 17:15:13.000000","2019-08-27 17:15:16.000000",2.0,0.01,5.0,N,264.0,264.0,1.0,110.0,0.0,0.5,22.16,0.0,0.3,132.96,0.0
1.0,"2019-08-27 18:21:29.000000","2019-08-27 19:08:35.000000",0.0,18.6,3.0,N,162.0,1.0,1.0,72.0,1.0,0.0,18.35,18.62,0.3,110.27,0.0
2.0,"2019-08-27 20:46:00.000000","2019-08-27 21:22:39.000000",1.0,19.29,1.0,N,132.0,256.0,1.0,52.0,0.5,0.5,57.0,0.0,0.3,110.3,0.0
1.0,"2019-08-27 20:53:10.000000","2019-08-27 21:54:49.000000",4.0,23.3,5.0,N,132.0,265.0,2.0,100.0,0.0,0.0,0.0,10.5,0.3,110.8,0.0
2.0,"2019-08-28 01:22:30.000000","2019-08-28 02:36:12.000000",1.0,53.93,5.0,N,186.0,265.0,1.0,110.0,0.0,0.5,0.0,10.5,0.3,123.8,2.5
2.0,"2019-08-28 02:36:41.000000","2019-08-28 02:36:43.000000",1.0,0.09,5.0,N,264.0,264.0,1.0,110.0,0.0,0.0,27.58,0.0,0.3,137.88,0.0
2.0,"2019-08-28 05:34:33.000000","2019-08-28 05:34:40.000000",3.0,0.0,5.0,N,264.0,264.0,2.0,110.0,0.0,0.0,0.0,0.0,0.3,110.3,0.0
2.0,"2019-08-28 09:34:46.000000","2019-08-28 09:36:47.000000",1.0,0.0,5.0,N,265.0,265.0,2.0,107.0,0.0,0.5,0.0,0.0,0.3,110.3,2.5
1.0,"2019-08-28 09:56:47.000000","2019-08-28 10:35:56.000000",1.0,15.4,5.0,N,161.0,265.0,1.0,85.0,0.0,0.0,10.0,15.5,0.3,110.8,0.0
2.0,"2019-08-28 10:34:15.000000","2019-08-28 11:10:32.000000",1.0,20.17,3.0,N,164.0,1.0,1.0,74.0,0.0,0.0,18.42,17.8,0.3,110.52,0.0
2.0,"2019-08-28 10:52:10.000000","2019-08-28 11:34:07.000000",1.0,19.62,3.0,N,164.0,1.0,1.0,74.5,0.0,0.0,18.46,17.5,0.3,110.76,0.0
1.0,"2019-08-28 12:06:42.000000","2019-08-28 13:31:55.000000",1.0,23.5,1.0,N,132.0,265.0,1.0,72.0,2.5,0.5,18.35,16.62,0.3,110.27,2.5
2.0,"2019-08-28 13:31:49.000000","2019-08-28 14:31:27.000000",5.0,27.25,4.0,N,138.0,265.0,1.0,110.0,0.0,0.5,23.38,6.12,0.3,140.3,0.0
2.0,"2019-08-27 21:36:07.000000","2019-08-27 21:40:32.000000",1.0,37.15,1.0,N,132.0,84.0,2.0,97.5,0.0,0.5,0.0,12.24,0.3,110.54,0.0
2.0,"2019-08-28 14:18:43.000000","2019-08-28 15:38:04.000000",2.0,31.39,5.0,N,132.0,265.0,1.0,110.0,0.0,0.5,0.0,0.0,0.3,113.3,2.5
2.0,"2019-08-28 15:24:08.000000","2019-08-28 16:26:23.000000",1.0,18.07,3.0,N,261.0,1.0,1.0,77.0,0.0,0.0,18.48,15.1,0.3,110.88,0.0
1.0,"2019-08-28 15:59:57.000000","2019-08-28 16:48:46.000000",0.0,12.5,5.0,N,161.0,265.0,1.0,110.0,0.0,0.0,24.55,12.5,0.3,147.35,0.0
1.0,"2019-08-28 17:55:52.000000","2019-08-28 18:53:10.000000",2.0,20.5,3.0,N,236.0,1.0,1.0,78.0,1.0,0.0,18.35,12.5,0.3,110.15,0.0
2.0,"2019-08-28 17:00:19.000000","2019-08-28 18:14:03.000000",1.0,33.62,3.0,N,138.0,265.0,1.0,110.0,1.0,0.0,10.0,31.12,0.3,152.42,0.0
2.0,"2019-08-28 18:34:28.000000","2019-08-28 18:34:33.000000",2.0,0.23,5.0,N,216.0,216.0,1.0,65.0,0.0,0.5,44.44,0.0,0.3,110.24,0.0
2.0,"2019-08-28 18:47:37.000000","2019-08-28 18:49:08.000000",1.0,0.12,5.0,N,264.0,264.0,1.0,100.0,0.0,0.0,10.0,0.0,0.3,110.3,0.0
1.0,"2019-08-28 19:03:25.000000","2019-08-28 19:46:29.000000",1.0,19.1,3.0,N,170.0,1.0,1.0,71.0,1.0,0.0,20.0,18.4,0.3,110.7,0.0
2.0,"2019-08-28 19:39:37.000000","2019-08-28 20:54:18.000000",1.0,40.87,1.0,N,129.0,5.0,1.0,110.0,1.0,0.5,0.0,12.24,0.3,124.04,0.0
2.0,"2019-08-28 22:19:12.000000","2019-08-28 22:58:31.000000",3.0,24.24,4.0,N,93.0,265.0,1.0,104.0,0.5,0.5,5.0,0.0,0.3,110.3,0.0
2.0,"2019-08-28 23:25:20.000000","2019-08-28 23:48:35.000000",2.0,19.45,5.0,N,132.0,265.0,1.0,100.0,0.0,0.0,10.0,0.0,0.3,110.3,0.0
2.0,"2019-08-29 06:02:14.000000","2019-08-29 06:02:19.000000",1.0,0.0,5.0,N,264.0,264.0,1.0,100.0,0.0,0.5,10.0,0.0,0.3,110.8,0.0
1.0,"2019-08-29 07:01:49.000000","2019-08-29 07:28:31.000000",1.0,16.5,3.0,N,170.0,265.0,1.0,63.0,0.0,0.0,22.05,25.0,0.3,110.35,0.0
2.0,"2019-08-29 08:41:32.000000","2019-08-29 09:41:02.000000",1.0,16.8,3.0,N,230.0,1.0,1.0,74.0,0.0,0.0,18.36,17.5,0.3,110.16,0.0
1.0,"2019-08-29 09:40:52.000000","2019-08-29 10:38:45.000000",1.0,18.2,3.0,N,162.0,1.0,1.0,76.5,0.0,0.0,18.45,15.5,0.3,110.75,0.0
2.0,"2019-08-29 09:25:34.000000","2019-08-29 10:24:34.000000",3.0,17.94,5.0,N,229.0,1.0,1.0,95.0,0.0,0.5,12.0,0.0,0.3,110.3,2.5
2.0,"2019-08-29 10:04:16.000000","2019-08-29 10:54:43.000000",1.0,28.05,4.0,N,234.0,265.0,1.0,110.5,0.0,0.5,15.0,2.8,0.3,131.6,2.5
2.0,"2019-08-29 11:29:30.000000","2019-08-29 12:32:57.000000",2.0,28.02,4.0,N,138.0,265.0,2.0,110.5,0.0,0.5,0.0,0.0,0.3,111.3,0.0
2.0,"2019-08-29 12:07:56.000000","2019-08-29 12:08:48.000000",3.0,0.16,5.0,N,265.0,265.0,1.0,110.0,0.0,0.0,10.0,10.5,0.3,130.8,0.0
1.0,"2019-08-29 12:21:22.000000","2019-08-29 13:00:37.000000",1.0,19.6,3.0,N,162.0,1.0,1.0,73.0,0.0,0.0,22.15,15.5,0.3,110.95,0.0
1.0,"2019-08-29 13:43:23.000000","2019-08-29 14:25:51.000000",1.0,16.6,5.0,N,161.0,1.0,1.0,110.0,0.0,0.0,10.0,10.5,0.3,130.8,0.0
1.0,"2019-08-29 14:11:06.000000","2019-08-29 15:08:39.000000",1.0,17.4,3.0,N,142.0,1.0,1.0,74.5,0.0,0.0,25.55,10.5,0.3,110.85,0.0
1.0,"2019-08-29 14:54:06.000000","2019-08-29 16:00:17.000000",2.0,23.4,4.0,N,138.0,265.0,1.0,93.5,0.0,0.5,9.58,6.12,0.3,110.0,0.0
2.0,"2019-08-29 14:17:06.000000","2019-08-29 15:19:40.000000",1.0,18.14,3.0,N,163.0,1.0,1.0,77.0,0.0,0.0,15.0,18.38,0.3,110.68,0.0
2.0,"2019-08-29 15:32:16.000000","2019-08-29 15:32:18.000000",1.0,0.0,5.0,N,265.0,264.0,1.0,110.0,0.0,0.0,22.06,0.0,0.3,132.36,0.0
2.0,"2019-08-29 15:12:28.000000","2019-08-29 16:16:52.000000",1.0,28.97,1.0,N,132.0,220.0,1.0,81.5,0.0,0.5,22.1,6.12,0.3,110.52,0.0
1.0,"2019-08-29 15:10:13.000000","2019-08-29 16:26:47.000000",1.0,13.7,5.0,N,164.0,265.0,1.0,110.0,0.0,0.0,20.0,12.5,0.3,142.8,0.0
2.0,"2019-08-29 15:34:07.000000","2019-08-29 16:46:52.000000",5.0,16.95,3.0,N,230.0,1.0,1.0,79.0,0.0,0.0,18.36,12.5,0.3,110.16,0.0
2.0,"2019-08-29 16:27:28.000000","2019-08-29 17:31:51.000000",1.0,17.92,3.0,N,234.0,1.0,1.0,75.0,1.0,0.0,18.41,15.75,0.3,110.46,0.0
2.0,"2019-08-29 16:54:04.000000","2019-08-29 17:57:48.000000",1.0,17.09,3.0,N,230.0,1.0,1.0,73.5,1.0,0.0,18.46,17.5,0.3,110.76,0.0
2.0,"2019-08-29 17:33:28.000000","2019-08-29 18:24:28.000000",1.0,19.21,3.0,N,100.0,1.0,1.0,73.5,1.0,0.0,18.45,17.45,0.3,110.7,0.0
1.0,"2019-08-29 17:34:36.000000","2019-08-29 17:35:23.000000",1.0,9.0,5.0,N,125.0,125.0,1.0,110.0,0.0,0.0,0.05,0.0,0.3,110.35,0.0
2.0,"2019-08-29 17:28:34.000000","2019-08-29 18:36:23.000000",1.0,17.68,3.0,N,239.0,1.0,1.0,78.0,1.0,0.0,18.36,12.5,0.3,110.16,0.0
2.0,"2019-08-29 20:16:53.000000","2019-08-29 21:13:12.000000",1.0,18.62,2.0,N,132.0,231.0,1.0,52.0,0.0,0.5,55.0,0.0,0.3,110.3,2.5
1.0,"2019-08-29 21:13:08.000000","2019-08-29 22:11:29.000000",1.0,30.2,4.0,N,132.0,200.0,2.0,103.0,0.5,0.5,0.0,6.12,0.3,110.42,0.0
2.0,"2019-08-29 21:19:44.000000","2019-08-29 22:19:50.000000",1.0,33.96,3.0,N,132.0,76.0,2.0,109.5,0.5,0.0,0.0,0.0,0.3,110.3,0.0
1.0,"2019-08-29 23:46:54.000000","2019-08-30 00:36:45.000000",1.0,19.1,5.0,N,186.0,265.0,1.0,110.0,0.0,0.0,20.0,10.5,0.3,140.8,0.0
2.0,"2019-08-29 23:18:38.000000","2019-08-30 00:32:35.000000",1.0,30.05,1.0,N,230.0,84.0,2.0,88.0,0.5,0.5,0.0,18.36,0.3,110.16,2.5
2.0,"2019-08-30 00:09:11.000000","2019-08-30 00:39:45.000000",2.0,24.41,4.0,N,132.0,265.0,1.0,110.5,0.5,0.5,12.0,0.0,0.3,123.8,0.0
2.0,"2019-08-30 05:43:45.000000","2019-08-30 06:15:13.000000",1.0,23.37,3.0,N,243.0,1.0,1.0,79.5,0.5,0.0,18.16,10.5,0.3,110.91,0.0
2.0,"2019-08-30 05:25:51.000000","2019-08-30 05:59:13.000000",1.0,20.99,3.0,N,163.0,1.0,1.0,74.0,0.5,0.0,18.46,17.5,0.3,110.76,0.0
2.0,"2019-08-30 06:34:05.000000","2019-08-30 06:59:37.000000",1.0,17.61,5.0,N,170.0,1.0,1.0,75.0,0.0,0.0,18.46,17.0,0.3,110.76,0.0
1.0,"2019-08-30 06:21:17.000000","2019-08-30 07:13:23.000000",3.0,32.3,5.0,N,132.0,265.0,1.0,110.0,0.0,0.0,25.75,18.62,0.3,154.67,0.0
1.0,"2019-08-30 06:19:40.000000","2019-08-30 06:45:47.000000",1.0,16.0,5.0,N,161.0,1.0,1.0,110.0,0.0,0.0,20.0,0.0,0.3,130.3,0.0
1.0,"2019-08-30 07:23:05.000000","2019-08-30 08:01:01.000000",1.0,20.1,3.0,N,162.0,1.0,1.0,73.5,0.0,0.0,18.45,18.62,0.3,110.87,0.0
2.0,"2019-08-30 07:22:02.000000","2019-08-30 07:48:15.000000",2.0,21.65,5.0,N,11.0,265.0,2.0,110.0,0.0,0.5,0.0,47.24,0.3,158.04,0.0
2.0,"2019-08-30 08:00:50.000000","2019-08-30 08:43:20.000000",1.0,25.65,4.0,N,132.0,265.0,1.0,81.5,0.0,0.5,22.1,6.12,0.3,110.52,0.0
2.0,"2019-08-30 11:33:56.000000","2019-08-30 12:23:19.000000",1.0,19.74,3.0,N,161.0,1.0,1.0,76.0,0.0,0.0,18.46,16.0,0.3,110.76,0.0
2.0,"2019-08-30 12:08:39.000000","2019-08-30 13:29:03.000000",2.0,40.1,1.0,N,138.0,265.0,1.0,110.0,0.0,0.5,22.16,0.0,0.3,132.96,0.0
2.0,"2019-08-30 12:33:49.000000","2019-08-30 12:33:57.000000",1.0,0.0,5.0,N,1.0,1.0,1.0,110.0,0.0,0.5,22.16,0.0,0.3,132.96,0.0
1.0,"2019-08-30 13:17:06.000000","2019-08-30 14:21:55.000000",2.0,13.5,5.0,N,138.0,265.0,1.0,110.0,0.0,0.0,3.08,16.62,0.3,130.0,0.0
2.0,"2019-08-30 13:36:59.000000","2019-08-30 14:22:57.000000",2.0,18.74,3.0,N,249.0,1.0,1.0,72.5,0.0,0.0,18.46,19.5,0.3,110.76,0.0
1.0,"2019-08-30 14:21:04.000000","2019-08-30 15:34:34.000000",1.0,13.4,3.0,N,113.0,1.0,1.0,74.5,0.0,0.0,25.55,10.5,0.3,110.85,0.0
1.0,"2019-08-30 14:13:25.000000","2019-08-30 14:14:37.000000",0.0,1.1,5.0,N,1.0,1.0,1.0,90.0,0.0,0.0,10.0,10.5,0.3,110.8,0.0
2.0,"2019-08-30 15:12:14.000000","2019-08-30 17:29:06.000000",1.0,19.48,3.0,N,140.0,1.0,1.0,110.5,0.0,0.0,0.0,12.5,0.3,123.3,0.0
1.0,"2019-08-30 16:49:57.000000","2019-08-30 18:04:45.000000",1.0,33.9,3.0,N,132.0,265.0,1.0,110.0,1.0,0.0,10.0,12.24,0.3,133.54,0.0
1.0,"2019-08-30 16:20:56.000000","2019-08-30 17:19:27.000000",2.0,14.3,5.0,N,125.0,265.0,1.0,100.0,0.0,0.0,10.0,0.0,0.3,110.3,0.0
2.0,"2019-08-30 16:42:33.000000","2019-08-30 17:15:24.000000",2.0,11.1,5.0,N,265.0,1.0,1.0,72.0,0.0,0.5,22.01,15.25,0.3,110.06,0.0
1.0,"2019-08-30 17:17:53.000000","2019-08-30 18:48:40.000000",1.0,31.4,3.0,N,138.0,1.0,1.0,110.5,1.0,0.0,20.0,22.92,0.3,154.72,0.0
2.0,"2019-08-30 17:28:14.000000","2019-08-30 18:32:20.000000",1.0,17.18,3.0,N,87.0,1.0,1.0,72.5,1.0,0.0,18.36,18.0,0.3,110.16,0.0
2.0,"2019-08-30 18:31:16.000000","2019-08-30 19:12:12.000000",3.0,20.86,3.0,N,164.0,1.0,1.0,75.0,1.0,0.0,18.46,16.0,0.3,110.76,0.0
2.0,"2019-08-30 18:23:02.000000","2019-08-30 19:51:17.000000",2.0,31.73,3.0,N,138.0,265.0,1.0,110.0,1.0,0.0,11.0,0.0,0.3,122.3,0.0
2.0,"2019-08-30 19:34:35.000000","2019-08-30 20:21:41.000000",1.0,25.81,5.0,N,261.0,265.0,1.0,110.0,0.0,0.0,2.0,12.5,0.3,127.3,2.5
2.0,"2019-08-30 20:10:15.000000","2019-08-30 20:10:19.000000",1.0,0.0,5.0,N,48.0,264.0,1.0,85.0,0.0,0.5,22.08,0.0,0.3,110.38,2.5
1.0,"2019-08-30 23:07:58.000000","2019-08-30 23:40:51.000000",1.0,16.6,5.0,N,90.0,265.0,4.0,100.0,0.0,0.0,0.0,10.5,0.3,110.8,0.0
2.0,"2019-08-31 00:55:39.000000","2019-08-31 01:34:47.000000",1.0,22.06,5.0,N,132.0,265.0,1.0,110.0,0.0,0.0,0.0,16.62,0.3,129.42,2.5
1.0,"2019-08-31 00:53:45.000000","2019-08-31 01:45:57.000000",1.0,22.9,5.0,N,164.0,265.0,1.0,100.0,0.0,0.0,0.0,10.5,0.3,110.8,0.0
2.0,"2019-08-31 01:08:11.000000","2019-08-31 01:47:01.000000",6.0,23.16,1.0,N,79.0,84.0,1.0,62.5,0.5,0.5,25.4,18.36,0.3,110.06,2.5
1.0,"2019-08-31 05:39:22.000000","2019-08-31 05:39:42.000000",1.0,1.2,5.0,N,1.0,1.0,1.0,110.0,0.0,0.0,0.0,0.0,0.3,110.3,0.0
2.0,"2019-08-31 12:40:42.000000","2019-08-31 13:29:03.000000",1.0,19.55,3.0,N,140.0,1.0,1.0,75.0,0.0,0.0,18.36,16.5,0.3,110.16,0.0
2.0,"2019-08-31 12:49:03.000000","2019-08-31 13:32:52.000000",2.0,23.85,3.0,N,234.0,1.0,1.0,84.5,0.0,0.0,4.7,20.5,0.3,110.0,0.0
2.0,"2019-08-31 14:04:29.000000","2019-08-31 15:06:27.000000",5.0,27.41,4.0,N,138.0,265.0,1.0,110.0,0.0,0.5,22.16,0.0,0.3,132.96,0.0
2.0,"2019-08-31 17:18:13.000000","2019-08-31 18:23:08.000000",3.0,22.3,5.0,N,132.0,265.0,1.0,110.0,0.0,0.0,26.28,18.62,0.3,157.7,2.5
2.0,"2019-08-31 17:08:12.000000","2019-08-31 17:46:19.000000",1.0,19.5,3.0,N,163.0,1.0,1.0,72.5,0.0,0.0,25.59,12.5,0.3,110.89,0.0
2.0,"2019-08-31 17:28:46.000000","2019-08-31 18:33:13.000000",1.0,28.89,5.0,N,138.0,265.0,1.0,110.0,0.0,0.0,2.08,18.62,0.3,131.0,0.0
2.0,"2019-08-31 20:01:19.000000","2019-08-31 20:42:26.000000",1.0,23.84,4.0,N,132.0,259.0,2.0,110.0,0.5,0.5,0.0,0.0,0.3,111.3,0.0
2.0,"2019-08-31 21:37:37.000000","2019-08-31 22:10:11.000000",3.0,19.63,5.0,N,186.0,265.0,2.0,110.0,0.0,0.5,0.0,2.0,0.3,115.3,2.5
1.0,"2019-08-31 21:43:25.000000","2019-08-31 22:38:12.000000",1.0,14.0,5.0,N,138.0,265.0,1.0,90.0,0.0,0.0,10.0,10.5,0.3,110.8,0.0
2.0,"2019-08-31 23:18:03.000000","2019-08-31 23:59:55.000000",5.0,19.85,4.0,N,132.0,265.0,1.0,90.5,0.5,0.5,18.36,0.0,0.3,110.16,0.0
,"2019-08-10 09:07:00.000000","2019-08-10 10:15:00.000000",,40.24,,,95.0,84.0,,97.42,0.0,0.5,0.0,12.24,0.3,110.46,0.0
