2.0,"2019-08-01 05:18:00.000000","2019-08-01 05:44:11.000000",1.0,17.06,5.0,N,43.0,1.0,1.0,85.0,0.0,0.5,19.76,10.5,0.3,118.56,2.5
1.0,"2019-08-01 06:16:04.000000","2019-08-01 06:39:30.000000",1.0,16.4,5.0,N,163.0,265.0,1.0,118.5,0.0,0.0,1.0,0.0,0.3,119.8,0.0
2.0,"2019-08-01 09:29:59.000000","2019-08-01 10:31:00.000000",1.0,18.11,3.0,N,161.0,1.0,1.0,79.5,0.0,0.0,19.68,18.62,0.3,118.1,0.0
1.0,"2019-08-01 10:01:07.000000","2019-08-01 10:42:04.000000",1.0,25.9,4.0,N,132.0,265.0,1.0,118.5,0.0,0.5,35.75,0.0,0.3,155.05,0.0
2.0,"2019-08-01 12:49:21.000000","2019-08-01 12:49:40.000000",1.0,0.11,5.0,N,265.0,265.0,1.0,118.75,0.0,0.0,20.0,10.5,0.3,149.55,0.0
1.0,"2019-08-01 12:09:14.000000","2019-08-01 13:18:02.000000",1.0,25.5,1.0,N,138.0,118.0,1.0,75.0,0.0,0.5,26.4,12.24,0.3,114.44,0.0
2.0,"2019-08-01 12:36:39.000000","2019-08-01 13:37:45.000000",2.0,18.89,3.0,N,229.0,1.0,1.0,80.5,0.0,0.0,19.76,18.0,0.3,118.56,0.0
2.0,"2019-08-01 15:31:43.000000","2019-08-01 16:51:09.000000",2.0,28.0,1.0,N,10.0,118.0,1.0,81.5,0.0,0.5,23.64,12.24,0.3,118.18,0.0
1.0,"2019-08-01 15:07:37.000000","2019-08-01 16:05:14.000000",1.0,18.2,3.0,N,233.0,1.0,1.0,73.5,0.0,0.0,27.35,17.5,0.3,118.65,0.0
1.0,"2019-08-01 17:17:32.000000","2019-08-01 18:35:05.000000",2.0,18.7,3.0,N,163.0,1.0,1.0,85.0,1.0,0.0,7.0,25.0,0.3,118.3,0.0
2.0,"2019-08-01 17:58:05.000000","2019-08-01 19:55:40.000000",1.0,31.0,3.0,N,138.0,265.0,2.0,118.0,1.0,0.0,0.0,12.5,0.3,131.8,0.0
2.0,"2019-08-01 18:43:08.000000","2019-08-01 19:30:56.000000",1.0,16.83,1.0,N,100.0,118.0,1.0,51.0,1.0,0.5,5.0,18.36,0.3,78.66,2.5
2.0,"2019-08-01 18:52:18.000000","2019-08-01 19:38:11.000000",1.0,29.5,4.0,N,138.0,265.0,1.0,118.5,1.0,0.5,24.06,0.0,0.3,144.36,0.0
1.0,"2019-08-01 18:52:39.000000","2019-08-01 19:22:50.000000",4.0,13.2,5.0,N,138.0,265.0,1.0,118.0,0.0,0.0,23.65,0.0,0.3,141.95,0.0
2.0,"2019-08-01 18:30:14.000000","2019-08-01 19:34:38.000000",1.0,38.47,3.0,N,132.0,265.0,1.0,118.5,1.0,0.0,29.36,26.99,0.3,176.15,0.0
2.0,"2019-08-01 18:53:13.000000","2019-08-01 18:53:17.000000",1.0,0.0,5.0,N,1.0,1.0,1.0,118.0,0.0,0.0,29.58,0.0,0.3,147.88,0.0
2.0,"2019-08-01 19:27:53.000000","2019-08-01 20:08:10.000000",1.0,16.36,1.0,N,234.0,118.0,1.0,48.5,1.0,0.5,20.0,18.36,0.3,91.16,2.5
2.0,"2019-08-01 22:01:52.000000","2019-08-01 22:55:31.000000",3.0,21.52,3.0,N,138.0,1.0,1.0,80.5,0.5,0.0,19.76,17.5,0.3,118.56,0.0
2.0,"2019-08-01 22:08:12.000000","2019-08-01 23:59:08.000000",1.0,0.0,5.0,N,161.0,255.0,1.0,100.0,0.0,0.5,15.0,0.0,0.0,118.0,2.5
2.0,"2019-08-02 00:54:27.000000","2019-08-02 01:26:49.000000",1.0,26.21,4.0,N,132.0,265.0,1.0,118.0,0.5,0.5,10.0,0.0,0.3,129.3,0.0
1.0,"2019-08-02 01:20:59.000000","2019-08-02 02:03:05.000000",2.0,26.6,5.0,N,132.0,265.0,2.0,118.0,0.0,0.0,0.0,16.62,0.3,134.92,0.0
2.0,"2019-08-02 03:06:50.000000","2019-08-02 03:31:08.000000",1.0,13.37,5.0,N,87.0,1.0,1.0,85.0,0.0,0.5,19.76,10.5,0.3,118.56,2.5
2.0,"2019-08-02 04:06:20.000000","2019-08-02 04:27:39.000000",1.0,12.8,5.0,N,114.0,1.0,1.0,85.0,0.0,0.5,19.76,10.5,0.3,118.56,2.5
2.0,"2019-08-02 05:03:58.000000","2019-08-02 05:38:53.000000",1.0,21.85,3.0,N,233.0,1.0,1.0,76.0,0.5,0.0,19.68,21.6,0.3,118.08,0.0
2.0,"2019-08-02 09:12:24.000000","2019-08-02 09:56:42.000000",1.0,20.69,3.0,N,166.0,1.0,1.0,75.5,0.0,0.0,27.24,15.0,0.3,118.04,0.0
2.0,"2019-08-02 10:37:21.000000","2019-08-02 11:15:42.000000",2.0,21.48,3.0,N,161.0,1.0,1.0,76.0,0.0,0.0,23.7,18.5,0.3,118.5,0.0
2.0,"2019-08-02 12:20:36.000000","2019-08-02 14:47:25.000000",1.0,28.06,1.0,N,132.0,264.0,2.0,109.0,0.0,0.5,0.0,8.92,0.3,118.72,0.0
2.0,"2019-08-02 12:52:25.000000","2019-08-02 14:20:29.000000",1.0,24.84,1.0,N,142.0,118.0,1.0,79.0,0.0,0.5,18.91,12.24,0.3,113.45,2.5
2.0,"2019-08-02 12:47:26.000000","2019-08-02 14:13:17.000000",1.0,37.29,3.0,N,132.0,1.0,2.0,118.5,0.0,0.0,0.0,21.0,0.3,139.8,0.0
2.0,"2019-08-02 13:38:10.000000","2019-08-02 13:54:37.000000",1.0,1.76,1.0,N,48.0,118.0,1.0,11.5,0.0,0.5,3.7,0.0,0.3,18.5,2.5
1.0,"2019-08-02 14:05:51.000000","2019-08-02 15:49:18.000000",1.0,28.1,4.0,Y,186.0,265.0,2.0,118.5,2.5,0.5,0.0,6.12,0.3,127.92,2.5
2.0,"2019-08-02 14:30:40.000000","2019-08-02 14:30:40.000000",1.0,0.0,5.0,N,264.0,264.0,1.0,95.0,0.0,0.0,23.75,0.0,0.0,118.75,0.0
2.0,"2019-08-02 14:27:54.000000","2019-08-02 16:00:33.000000",6.0,16.32,3.0,N,68.0,1.0,1.0,88.0,0.0,0.0,19.76,10.5,0.3,118.56,0.0
2.0,"2019-08-02 15:19:15.000000","2019-08-02 16:17:30.000000",1.0,20.9,4.0,N,132.0,265.0,1.0,98.0,0.0,0.5,19.76,0.0,0.3,118.56,0.0
1.0,"2019-08-02 16:14:32.000000","2019-08-02 17:40:11.000000",1.0,25.6,1.0,N,132.0,118.0,2.0,80.5,1.0,0.5,0.0,12.24,0.3,94.54,0.0
1.0,"2019-08-02 17:54:41.000000","2019-08-02 19:10:21.000000",1.0,18.8,3.0,N,239.0,265.0,1.0,85.0,1.0,0.0,19.75,12.5,0.3,118.55,0.0
2.0,"2019-08-02 17:50:52.000000","2019-08-02 19:32:20.000000",1.0,22.09,5.0,N,132.0,265.0,1.0,118.0,0.0,0.5,10.0,18.62,0.3,149.92,2.5
2.0,"2019-08-02 18:27:17.000000","2019-08-02 19:18:03.000000",1.0,17.8,4.0,N,163.0,1.0,2.0,91.5,1.0,0.5,0.0,22.5,0.3,118.3,2.5
1.0,"2019-08-02 19:01:12.000000","2019-08-02 19:02:20.000000",1.0,0.0,5.0,N,265.0,265.0,1.0,118.5,0.0,0.0,0.0,0.0,0.3,118.8,0.0
2.0,"2019-08-02 19:13:02.000000","2019-08-02 19:41:30.000000",2.0,12.7,5.0,N,161.0,265.0,1.0,87.0,0.0,0.0,12.0,17.0,0.3,118.8,2.5
1.0,"2019-08-02 20:36:07.000000","2019-08-02 21:43:51.000000",1.0,32.7,5.0,N,132.0,265.0,1.0,118.75,0.0,0.0,33.9,16.62,0.3,169.57,0.0
2.0,"2019-08-02 20:54:36.000000","2019-08-02 21:40:43.000000",2.0,33.67,1.0,N,138.0,1.0,1.0,87.0,0.5,0.5,10.0,20.62,0.3,118.92,0.0
2.0,"2019-08-02 21:22:07.000000","2019-08-02 22:17:29.000000",3.0,32.74,1.0,N,163.0,265.0,1.0,88.5,0.5,0.5,19.68,6.12,0.3,118.1,2.5
2.0,"2019-08-02 22:08:33.000000","2019-08-02 23:08:32.000000",1.0,31.57,4.0,N,132.0,265.0,2.0,111.0,0.5,0.5,0.0,6.12,0.3,118.42,0.0
2.0,"2019-08-02 22:13:39.000000","2019-08-02 22:49:18.000000",1.0,26.15,4.0,N,138.0,265.0,1.0,107.5,0.5,0.5,10.0,0.0,0.3,118.8,0.0
2.0,"2019-08-03 00:14:22.000000","2019-08-03 00:53:07.000000",1.0,17.99,1.0,N,107.0,118.0,1.0,50.0,0.5,0.5,10.0,18.36,0.3,82.16,2.5
2.0,"2019-08-03 00:35:55.000000","2019-08-03 01:25:37.000000",1.0,22.03,1.0,N,137.0,118.0,1.0,61.5,0.5,0.5,15.51,12.24,0.3,93.05,2.5
1.0,"2019-08-03 02:30:45.000000","2019-08-03 03:16:44.000000",1.0,22.0,1.0,N,164.0,118.0,1.0,62.0,3.0,0.5,23.4,12.24,0.3,101.44,2.5
2.0,"2019-08-03 08:33:02.000000","2019-08-03 09:35:46.000000",1.0,38.06,1.0,N,135.0,44.0,1.0,105.5,0.0,0.5,0.0,12.24,0.3,118.54,0.0
1.0,"2019-08-03 09:37:44.000000","2019-08-03 10:09:36.000000",1.0,14.5,1.0,N,113.0,118.0,1.0,42.0,2.5,0.5,12.7,18.36,0.3,76.36,2.5
2.0,"2019-08-03 10:15:53.000000","2019-08-03 11:22:56.000000",1.0,39.22,1.0,N,44.0,135.0,1.0,105.0,0.0,0.5,0.0,12.24,0.3,118.04,0.0
1.0,"2019-08-03 11:39:03.000000","2019-08-03 12:38:35.000000",1.0,25.9,4.0,N,132.0,265.0,1.0,118.0,0.0,0.5,30.0,0.0,0.3,148.8,0.0
2.0,"2019-08-03 13:17:39.000000","2019-08-03 13:54:23.000000",1.0,16.92,1.0,N,164.0,118.0,1.0,49.0,0.0,0.5,7.0,12.24,0.3,71.54,2.5
2.0,"2019-08-03 14:11:47.000000","2019-08-03 15:31:26.000000",1.0,25.47,4.0,N,138.0,265.0,1.0,118.0,0.0,0.5,23.76,0.0,0.3,142.56,0.0
2.0,"2019-08-03 14:24:21.000000","2019-08-03 15:41:37.000000",1.0,28.41,1.0,N,232.0,118.0,1.0,83.0,0.0,0.5,0.0,12.24,0.3,98.54,2.5
2.0,"2019-08-03 14:11:44.000000","2019-08-03 15:01:57.000000",5.0,19.61,1.0,N,211.0,118.0,1.0,58.0,0.0,0.5,3.0,18.36,0.3,82.66,2.5
2.0,"2019-08-03 15:18:13.000000","2019-08-03 16:25:08.000000",1.0,24.96,1.0,N,132.0,118.0,1.0,73.5,0.0,0.5,21.64,12.24,0.3,108.18,0.0
1.0,"2019-08-03 16:41:57.000000","2019-08-03 17:55:39.000000",0.0,37.2,3.0,N,132.0,265.0,2.0,118.0,0.0,0.0,0.0,18.62,0.3,136.92,0.0
2.0,"2019-08-03 18:53:59.000000","2019-08-03 19:54:31.000000",2.0,38.68,3.0,N,132.0,1.0,2.0,118.0,0.0,0.0,0.0,24.74,0.3,143.04,0.0
2.0,"2019-08-03 19:34:41.000000","2019-08-03 20:17:02.000000",1.0,25.78,1.0,N,132.0,118.0,2.0,69.0,0.0,0.5,0.0,12.24,0.3,82.04,0.0
1.0,"2019-08-03 19:26:30.000000","2019-08-03 20:00:52.000000",1.0,26.6,3.0,N,93.0,265.0,1.0,87.0,0.0,0.0,10.0,21.37,0.3,118.67,0.0
1.0,"2019-08-04 02:29:12.000000","2019-08-04 03:01:11.000000",2.0,19.5,1.0,N,263.0,118.0,3.0,53.0,3.0,0.5,0.0,12.24,0.3,69.04,2.5
2.0,"2019-08-04 05:44:53.000000","2019-08-04 06:27:40.000000",2.0,21.17,3.0,N,48.0,1.0,1.0,79.0,0.5,0.0,19.8,19.2,0.3,118.8,0.0
1.0,"2019-08-04 05:48:06.000000","2019-08-04 06:10:47.000000",1.0,16.9,5.0,N,142.0,265.0,1.0,118.5,0.0,0.0,23.75,0.0,0.3,142.55,0.0
1.0,"2019-08-04 07:28:22.000000","2019-08-04 07:54:00.000000",2.0,17.9,5.0,N,48.0,1.0,1.0,118.5,0.0,0.0,23.75,0.0,0.3,142.55,0.0
2.0,"2019-08-04 08:10:03.000000","2019-08-04 09:02:38.000000",1.0,40.61,1.0,N,132.0,204.0,2.0,105.5,0.0,0.5,0.0,12.24,0.3,118.54,0.0
2.0,"2019-08-04 10:47:10.000000","2019-08-04 11:15:29.000000",3.0,26.81,3.0,N,230.0,1.0,1.0,88.0,0.0,0.0,19.76,10.5,0.3,118.56,0.0
2.0,"2019-08-04 10:46:30.000000","2019-08-04 11:37:26.000000",1.0,24.24,5.0,N,132.0,265.0,1.0,118.75,0.0,0.0,5.0,18.62,0.3,145.17,2.5
2.0,"2019-08-04 10:08:35.000000","2019-08-04 11:17:40.000000",1.0,32.44,1.0,N,141.0,138.0,1.0,89.5,0.0,0.5,19.78,6.12,0.3,118.7,2.5
2.0,"2019-08-04 14:06:13.000000","2019-08-04 14:59:14.000000",4.0,15.88,5.0,N,233.0,1.0,1.0,85.0,0.0,0.5,10.0,20.3,0.3,118.6,2.5
1.0,"2019-08-04 14:08:25.000000","2019-08-04 14:47:24.000000",1.0,16.4,1.0,N,234.0,118.0,1.0,48.5,2.5,0.5,20.0,18.36,0.3,90.16,2.5
2.0,"2019-08-04 14:09:59.000000","2019-08-04 15:12:15.000000",2.0,32.51,4.0,N,132.0,265.0,1.0,118.5,0.0,0.5,25.68,9.12,0.3,154.1,0.0
2.0,"2019-08-04 14:00:53.000000","2019-08-04 14:57:07.000000",1.0,19.13,3.0,N,170.0,1.0,1.0,78.0,0.0,0.0,19.76,20.5,0.3,118.56,0.0
2.0,"2019-08-04 15:00:50.000000","2019-08-04 16:00:52.000000",1.0,25.66,1.0,N,132.0,118.0,1.0,68.5,0.0,0.5,16.31,12.24,0.3,97.85,0.0
1.0,"2019-08-04 15:47:19.000000","2019-08-04 17:01:51.000000",1.0,25.7,5.0,N,132.0,265.0,1.0,118.0,0.0,0.0,29.85,31.12,0.3,179.27,0.0
2.0,"2019-08-04 17:44:22.000000","2019-08-04 19:05:03.000000",1.0,23.83,5.0,N,132.0,265.0,2.0,118.0,0.0,0.0,0.0,12.5,0.3,133.3,2.5
2.0,"2019-08-04 18:56:54.000000","2019-08-04 19:37:58.000000",1.0,13.91,5.0,N,68.0,1.0,1.0,79.0,0.0,0.5,23.7,12.5,0.3,118.5,2.5
2.0,"2019-08-04 23:18:01.000000","2019-08-04 23:50:17.000000",5.0,24.59,1.0,N,132.0,118.0,1.0,64.5,0.5,0.5,15.0,12.24,0.3,93.04,0.0
1.0,"2019-08-04 23:02:22.000000","2019-08-04 23:37:34.000000",1.0,25.3,1.0,N,132.0,118.0,2.0,66.5,0.5,0.5,0.0,12.24,0.3,80.04,0.0
2.0,"2019-08-05 00:35:47.000000","2019-08-05 01:10:48.000000",2.0,29.66,4.0,N,138.0,265.0,1.0,118.5,0.5,0.5,2.0,0.0,0.3,121.8,0.0
2.0,"2019-08-05 00:21:08.000000","2019-08-05 01:34:46.000000",4.0,20.76,5.0,N,132.0,265.0,2.0,118.0,0.0,0.0,0.0,10.5,0.3,131.3,2.5
2.0,"2019-08-05 05:52:08.000000","2019-08-05 06:32:56.000000",3.0,29.62,1.0,N,132.0,118.0,2.0,78.5,0.5,0.5,0.0,12.24,0.3,92.04,0.0
1.0,"2019-08-05 09:19:01.000000","2019-08-05 09:58:09.000000",1.0,17.8,5.0,N,161.0,1.0,1.0,80.0,0.0,0.0,19.75,18.5,0.3,118.55,0.0
2.0,"2019-08-05 12:50:48.000000","2019-08-05 13:56:38.000000",1.0,37.72,3.0,N,230.0,265.0,2.0,118.5,0.0,0.0,0.0,0.0,0.3,118.8,0.0
1.0,"2019-08-05 12:41:09.000000","2019-08-05 13:35:37.000000",1.0,23.0,1.0,N,229.0,118.0,1.0,66.5,2.5,0.5,2.0,12.24,0.3,84.04,2.5
2.0,"2019-08-05 14:45:22.000000","2019-08-05 15:31:37.000000",2.0,18.36,3.0,N,143.0,1.0,1.0,73.0,0.0,0.0,26.94,16.5,0.3,118.69,0.0
2.0,"2019-08-05 15:07:47.000000","2019-08-05 16:49:41.000000",2.0,22.7,3.0,N,138.0,1.0,1.0,101.0,0.0,0.0,5.0,12.5,0.3,118.8,0.0
2.0,"2019-08-05 15:27:18.000000","2019-08-05 16:29:27.000000",6.0,29.28,1.0,N,132.0,118.0,2.0,80.5,0.0,0.5,0.0,12.24,0.3,93.54,0.0
2.0,"2019-08-05 16:23:22.000000","2019-08-05 17:40:41.000000",1.0,21.29,3.0,N,263.0,1.0,1.0,87.0,1.0,0.0,18.0,12.5,0.3,118.8,0.0
2.0,"2019-08-05 16:55:28.000000","2019-08-05 17:46:13.000000",1.0,25.64,4.0,N,132.0,265.0,1.0,118.5,1.0,0.5,20.0,0.0,0.3,140.3,0.0
2.0,"2019-08-05 18:58:21.000000","2019-08-05 20:15:34.000000",1.0,21.87,5.0,N,10.0,265.0,1.0,118.88,0.0,0.5,0.0,18.62,0.3,140.8,2.5
1.0,"2019-08-05 19:28:57.000000","2019-08-05 20:12:00.000000",4.0,28.6,1.0,N,132.0,118.0,1.0,75.0,1.0,0.5,9.96,12.24,0.3,99.0,0.0
1.0,"2019-08-06 06:36:22.000000","2019-08-06 07:43:32.000000",3.0,30.8,4.0,N,132.0,265.0,1.0,96.5,0.0,0.5,15.0,6.12,0.3,118.42,0.0
2.0,"2019-08-06 07:13:09.000000","2019-08-06 08:01:57.000000",1.0,27.84,1.0,N,132.0,118.0,1.0,75.5,0.0,0.5,17.71,12.24,0.3,106.25,0.0
2.0,"2019-08-06 08:38:20.000000","2019-08-06 09:24:44.000000",1.0,26.2,4.0,N,132.0,265.0,1.0,86.0,0.0,0.5,19.81,12.24,0.3,118.85,0.0
1.0,"2019-08-06 10:28:25.000000","2019-08-06 10:33:03.000000",1.0,0.9,1.0,N,118.0,118.0,2.0,5.0,0.0,0.5,0.0,0.0,0.3,5.8,0.0
2.0,"2019-08-06 12:06:24.000000","2019-08-06 13:22:27.000000",1.0,26.85,1.0,N,219.0,118.0,2.0,79.5,0.0,0.5,0.0,12.24,0.3,92.54,0.0
1.0,"2019-08-06 13:42:32.000000","2019-08-06 13:47:34.000000",2.0,0.8,1.0,N,118.0,118.0,2.0,5.0,0.0,0.5,0.0,0.0,0.3,5.8,0.0
2.0,"2019-08-06 13:20:22.000000","2019-08-06 13:33:15.000000",1.0,0.96,1.0,N,118.0,118.0,1.0,9.0,0.0,0.5,0.98,0.0,0.3,10.78,0.0
2.0,"2019-08-06 13:36:23.000000","2019-08-06 13:39:26.000000",1.0,0.57,1.0,N,118.0,118.0,2.0,4.0,0.0,0.5,0.0,0.0,0.3,4.8,0.0
2.0,"2019-08-06 13:28:06.000000","2019-08-06 14:11:42.000000",1.0,22.09,3.0,N,163.0,1.0,1.0,79.5,0.0,0.0,19.76,19.0,0.3,118.56,0.0
2.0,"2019-08-06 17:56:22.000000","2019-08-06 18:45:38.000000",1.0,20.62,3.0,N,142.0,1.0,1.0,75.0,1.0,0.0,18.0,24.44,0.3,118.74,0.0
2.0,"2019-08-06 19:22:38.000000","2019-08-06 19:56:14.000000",1.0,25.34,1.0,N,132.0,118.0,2.0,66.0,1.0,0.5,0.0,12.24,0.3,80.04,0.0
2.0,"2019-08-06 19:01:46.000000","2019-08-06 19:44:57.000000",2.0,30.92,3.0,N,138.0,265.0,1.0,98.5,1.0,0.0,0.0,18.62,0.3,118.42,0.0
2.0,"2019-08-06 20:17:03.000000","2019-08-06 20:49:55.000000",1.0,20.26,3.0,N,163.0,1.0,1.0,73.0,0.5,0.0,23.7,21.0,0.3,118.5,0.0
1.0,"2019-08-06 20:41:43.000000","2019-08-06 21:28:32.000000",1.0,32.3,1.0,N,138.0,5.0,1.0,85.0,0.5,0.5,19.7,12.24,0.3,118.24,0.0
2.0,"2019-08-06 21:40:43.000000","2019-08-06 22:08:05.000000",5.0,14.34,1.0,N,209.0,118.0,1.0,40.5,0.5,0.5,14.14,12.24,0.3,70.68,2.5
1.0,"2019-08-06 22:18:55.000000","2019-08-06 23:11:20.000000",1.0,24.7,1.0,N,170.0,118.0,1.0,68.5,3.0,0.5,12.4,18.36,0.3,103.06,2.5
2.0,"2019-08-07 00:21:44.000000","2019-08-07 01:03:43.000000",1.0,32.24,4.0,N,138.0,265.0,1.0,118.5,0.5,0.5,25.18,6.12,0.3,151.1,0.0
1.0,"2019-08-07 01:23:07.000000","2019-08-07 02:11:03.000000",4.0,39.2,3.0,N,132.0,265.0,1.0,118.0,0.5,0.0,28.3,22.74,0.3,169.84,0.0
2.0,"2019-08-07 01:09:20.000000","2019-08-07 01:45:33.000000",1.0,17.3,1.0,N,231.0,118.0,1.0,50.5,0.5,0.5,13.31,12.24,0.3,79.85,2.5
2.0,"2019-08-07 07:03:05.000000","2019-08-07 07:35:01.000000",1.0,19.54,3.0,N,230.0,1.0,1.0,70.0,0.0,0.0,27.24,20.5,0.3,118.04,0.0
2.0,"2019-08-07 12:45:16.000000","2019-08-07 12:45:23.000000",1.0,0.0,5.0,N,1.0,265.0,1.0,118.5,0.0,0.0,10.0,0.0,0.3,128.8,0.0
2.0,"2019-08-07 14:48:26.000000","2019-08-07 16:07:43.000000",1.0,32.7,1.0,N,244.0,118.0,2.0,90.0,0.0,0.5,0.0,13.25,0.3,104.05,0.0
1.0,"2019-08-07 15:23:37.000000","2019-08-07 17:06:37.000000",1.0,16.3,3.0,N,113.0,1.0,1.0,88.5,0.0,0.0,10.0,20.0,0.3,118.8,0.0
2.0,"2019-08-07 15:24:07.000000","2019-08-07 17:54:22.000000",1.0,22.99,3.0,N,138.0,1.0,1.0,118.5,0.0,0.0,27.94,20.91,0.3,167.65,0.0
1.0,"2019-08-07 15:33:07.000000","2019-08-07 17:09:10.000000",1.0,27.4,1.0,N,230.0,201.0,1.0,85.0,2.5,0.5,19.8,10.7,0.3,118.8,2.5
2.0,"2019-08-07 16:25:53.000000","2019-08-07 18:04:36.000000",1.0,37.2,3.0,N,132.0,1.0,1.0,118.5,1.0,0.0,10.0,29.02,0.3,158.82,0.0
2.0,"2019-08-07 16:27:26.000000","2019-08-07 17:34:22.000000",1.0,18.12,1.0,N,161.0,118.0,1.0,57.0,1.0,0.5,15.93,18.36,0.3,95.59,2.5
2.0,"2019-08-07 16:30:52.000000","2019-08-07 18:00:53.000000",5.0,27.57,1.0,N,132.0,118.0,2.0,80.0,1.0,0.5,0.0,12.24,0.3,94.04,0.0
1.0,"2019-08-07 17:42:59.000000","2019-08-07 19:34:35.000000",1.0,25.2,1.0,N,138.0,118.0,2.0,84.5,1.0,0.5,0.0,12.24,0.3,98.54,0.0
2.0,"2019-08-07 17:24:35.000000","2019-08-07 19:15:27.000000",4.0,19.33,3.0,N,100.0,1.0,2.0,99.0,1.0,0.0,0.0,18.5,0.3,118.8,0.0
2.0,"2019-08-07 17:08:03.000000","2019-08-07 18:33:27.000000",1.0,17.5,3.0,N,68.0,1.0,1.0,81.0,1.0,0.0,23.7,12.5,0.3,118.5,0.0
1.0,"2019-08-07 17:21:49.000000","2019-08-07 19:10:21.000000",2.0,15.7,5.0,N,68.0,1.0,1.0,85.0,0.0,0.0,15.0,18.0,0.3,118.3,0.0
1.0,"2019-08-07 17:50:22.000000","2019-08-07 19:07:34.000000",2.0,24.2,1.0,N,132.0,118.0,1.0,69.0,1.0,0.5,4.0,12.24,0.3,87.04,0.0
2.0,"2019-08-07 18:28:53.000000","2019-08-08 00:00:00.000000",1.0,28.72,1.0,N,132.0,118.0,2.0,80.0,1.0,0.5,0.0,12.24,0.3,94.04,0.0
1.0,"2019-08-07 22:26:52.000000","2019-08-07 23:09:25.000000",2.0,16.8,1.0,N,186.0,118.0,2.0,49.5,3.0,0.5,0.0,18.36,0.3,71.66,2.5
2.0,"2019-08-07 22:36:28.000000","2019-08-07 23:17:38.000000",1.0,16.41,1.0,N,186.0,118.0,2.0,48.0,0.5,0.5,0.0,18.36,0.3,70.16,2.5
2.0,"2019-08-07 23:27:06.000000","2019-08-08 00:06:46.000000",4.0,29.72,4.0,N,132.0,265.0,1.0,118.5,0.5,0.5,23.96,0.0,0.3,143.76,0.0
1.0,"2019-08-07 23:14:40.000000","2019-08-08 00:04:50.000000",1.0,21.9,1.0,N,233.0,118.0,1.0,63.5,0.5,0.5,7.0,18.36,0.3,90.16,0.0
2.0,"2019-08-08 00:49:43.000000","2019-08-08 01:30:48.000000",1.0,27.64,1.0,N,132.0,118.0,2.0,73.5,0.5,0.5,0.0,12.24,0.3,87.04,0.0
2.0,"2019-08-08 06:32:32.000000","2019-08-08 07:24:25.000000",1.0,38.8,3.0,N,132.0,265.0,1.0,118.0,0.0,0.0,0.0,29.0,0.3,147.3,0.0
2.0,"2019-08-08 09:22:52.000000","2019-08-08 10:19:23.000000",1.0,36.25,1.0,N,132.0,1.0,2.0,94.5,0.0,0.5,0.0,22.74,0.3,118.04,0.0
2.0,"2019-08-08 09:00:03.000000","2019-08-08 10:07:24.000000",3.0,36.87,3.0,N,132.0,1.0,1.0,118.0,0.0,0.0,28.61,24.74,0.3,171.65,0.0
2.0,"2019-08-08 10:50:28.000000","2019-08-08 11:39:48.000000",1.0,22.1,5.0,N,163.0,1.0,1.0,85.0,0.0,0.5,19.76,10.5,0.3,118.56,2.5
2.0,"2019-08-08 10:05:50.000000","2019-08-08 10:05:52.000000",2.0,0.0,5.0,N,264.0,264.0,1.0,98.0,0.0,0.5,19.76,0.0,0.3,118.56,0.0
1.0,"2019-08-08 13:35:22.000000","2019-08-08 14:37:20.000000",1.0,20.9,3.0,N,236.0,1.0,1.0,84.0,0.0,0.0,19.82,14.8,0.3,118.92,0.0
2.0,"2019-08-08 13:29:19.000000","2019-08-08 14:36:20.000000",1.0,19.12,3.0,N,237.0,1.0,1.0,81.5,0.0,0.0,19.76,17.0,0.3,118.56,0.0
2.0,"2019-08-08 14:39:20.000000","2019-08-08 15:24:51.000000",1.0,12.7,5.0,N,230.0,265.0,1.0,85.0,0.0,0.5,15.0,15.5,0.3,118.8,2.5
2.0,"2019-08-08 14:24:30.000000","2019-08-08 15:38:03.000000",1.0,25.67,1.0,N,229.0,118.0,1.0,75.0,0.0,0.5,0.0,18.36,0.3,96.66,2.5
1.0,"2019-08-08 16:30:20.000000","2019-08-08 17:34:44.000000",1.0,25.3,1.0,N,132.0,118.0,1.0,70.0,1.0,0.5,16.8,12.24,0.3,100.84,0.0
1.0,"2019-08-08 17:36:03.000000","2019-08-08 19:14:24.000000",1.0,25.7,1.0,N,132.0,220.0,1.0,84.0,1.0,0.5,23.65,8.92,0.3,118.37,0.0
1.0,"2019-08-08 17:13:38.000000","2019-08-08 18:18:28.000000",2.0,14.0,5.0,N,186.0,265.0,1.0,96.0,0.0,0.0,5.0,17.4,0.3,118.7,0.0
2.0,"2019-08-08 17:16:22.000000","2019-08-09 17:15:16.000000",1.0,17.91,3.0,N,164.0,1.0,1.0,76.0,1.0,0.0,23.75,17.7,0.3,118.75,0.0
2.0,"2019-08-08 18:23:57.000000","2019-08-08 19:29:32.000000",1.0,17.64,3.0,N,13.0,1.0,1.0,77.0,1.0,0.0,19.76,20.5,0.3,118.56,0.0
2.0,"2019-08-08 19:30:05.000000","2019-08-08 20:16:00.000000",1.0,19.09,1.0,N,164.0,118.0,1.0,54.5,1.0,0.5,23.15,18.36,0.3,100.31,2.5
2.0,"2019-08-09 00:10:22.000000","2019-08-09 00:54:21.000000",2.0,27.26,1.0,N,132.0,118.0,2.0,73.0,0.5,0.5,0.0,12.24,0.3,86.54,0.0
2.0,"2019-08-09 00:58:33.000000","2019-08-09 00:58:36.000000",1.0,0.0,5.0,N,265.0,264.0,1.0,118.0,0.0,0.0,23.66,0.0,0.3,141.96,0.0
2.0,"2019-08-09 02:35:16.000000","2019-08-09 02:35:33.000000",1.0,0.0,5.0,N,118.0,118.0,1.0,120.0,0.0,0.0,12.0,0.0,0.3,132.3,0.0
2.0,"2019-08-09 06:59:55.000000","2019-08-09 07:00:05.000000",1.0,0.0,5.0,N,1.0,1.0,1.0,95.0,0.0,0.5,10.0,12.5,0.3,118.3,0.0
2.0,"2019-08-09 09:09:19.000000","2019-08-09 09:52:03.000000",2.0,21.57,3.0,N,161.0,1.0,1.0,78.0,0.0,0.0,19.76,20.5,0.3,118.56,0.0
2.0,"2019-08-09 09:50:31.000000","2019-08-09 10:26:40.000000",2.0,12.0,1.0,N,14.0,118.0,1.0,38.5,0.0,0.5,0.0,12.24,0.3,51.54,0.0
2.0,"2019-08-09 09:28:25.000000","2019-08-09 09:28:30.000000",1.0,0.0,5.0,N,1.0,1.0,1.0,118.5,0.0,0.0,23.76,0.0,0.3,142.56,0.0
1.0,"2019-08-09 12:02:10.000000","2019-08-09 12:15:57.000000",1.0,8.3,5.0,N,23.0,265.0,1.0,80.0,0.0,0.0,27.2,10.5,0.3,118.0,0.0
2.0,"2019-08-09 13:36:49.000000","2019-08-09 15:44:41.000000",2.0,41.59,1.0,N,132.0,156.0,2.0,118.5,0.0,0.5,0.0,12.24,0.3,134.04,2.5
1.0,"2019-08-09 14:30:55.000000","2019-08-09 16:00:55.000000",1.0,19.0,3.0,N,230.0,1.0,1.0,92.5,0.0,0.0,10.0,15.7,0.3,118.5,0.0
2.0,"2019-08-09 16:07:54.000000","2019-08-09 18:09:34.000000",2.0,17.85,3.0,N,163.0,1.0,2.0,101.5,1.0,0.0,0.0,15.5,0.3,118.3,0.0
2.0,"2019-08-09 17:19:00.000000","2019-08-09 18:23:59.000000",1.0,16.5,3.0,N,234.0,1.0,1.0,71.5,1.0,0.0,33.0,12.5,0.3,118.3,0.0
2.0,"2019-08-09 17:06:25.000000","2019-08-09 18:16:09.000000",1.0,17.63,3.0,N,164.0,1.0,1.0,80.0,1.0,0.0,19.68,17.1,0.3,118.08,0.0
2.0,"2019-08-09 18:20:14.000000","2019-08-09 18:20:19.000000",2.0,0.0,5.0,N,265.0,265.0,1.0,118.5,0.0,0.5,25.0,0.0,0.3,144.3,0.0
2.0,"2019-08-09 20:34:28.000000","2019-08-09 21:16:42.000000",1.0,23.93,1.0,N,237.0,118.0,1.0,64.5,0.5,0.5,21.66,18.36,0.3,108.32,2.5
2.0,"2019-08-09 20:45:31.000000","2019-08-09 21:38:23.000000",1.0,25.42,4.0,N,132.0,51.0,2.0,118.0,0.5,0.5,0.0,6.12,0.3,125.42,0.0
2.0,"2019-08-09 21:17:37.000000","2019-08-09 21:51:49.000000",2.0,26.39,5.0,N,138.0,265.0,1.0,110.0,0.0,0.5,0.0,7.31,0.3,118.11,0.0
2.0,"2019-08-09 21:18:46.000000","2019-08-09 22:00:31.000000",1.0,18.74,1.0,N,88.0,118.0,1.0,53.5,0.5,0.5,13.91,12.24,0.3,83.45,2.5
2.0,"2019-08-09 22:56:27.000000","2019-08-09 23:58:48.000000",1.0,25.32,1.0,N,138.0,118.0,1.0,74.5,0.5,0.5,26.41,12.24,0.3,114.45,0.0
2.0,"2019-08-09 22:15:02.000000","2019-08-09 22:15:13.000000",1.0,0.0,5.0,N,265.0,265.0,1.0,118.0,0.0,0.0,35.49,0.0,0.3,153.79,0.0
1.0,"2019-08-09 22:06:30.000000","2019-08-09 23:05:23.000000",1.0,22.7,1.0,N,170.0,118.0,1.0,67.0,3.0,0.5,6.5,12.24,0.3,89.54,2.5
1.0,"2019-08-09 23:52:43.000000","2019-08-10 00:48:40.000000",2.0,21.4,1.0,N,164.0,118.0,1.0,63.0,3.0,0.5,3.0,21.0,0.3,90.8,2.5
1.0,"2019-08-10 02:51:15.000000","2019-08-10 02:52:38.000000",4.0,0.0,5.0,N,265.0,265.0,1.0,118.0,0.0,0.0,23.65,0.0,0.3,141.95,0.0
2.0,"2019-08-10 05:57:25.000000","2019-08-10 05:57:46.000000",2.0,0.08,5.0,N,1.0,1.0,1.0,79.0,0.0,0.5,19.82,19.3,0.3,118.92,0.0
1.0,"2019-08-10 06:01:20.000000","2019-08-10 06:23:59.000000",1.0,16.6,5.0,N,48.0,1.0,1.0,93.0,0.0,0.0,15.0,10.5,0.3,118.8,0.0
2.0,"2019-08-10 09:40:39.000000","2019-08-10 10:32:50.000000",1.0,19.88,3.0,N,142.0,1.0,1.0,80.5,0.0,0.0,19.76,18.0,0.3,118.56,0.0
2.0,"2019-08-10 10:43:16.000000","2019-08-10 11:46:42.000000",1.0,23.49,1.0,N,239.0,118.0,1.0,68.5,0.0,0.5,22.54,18.36,0.3,112.7,2.5
2.0,"2019-08-10 11:37:41.000000","2019-08-10 12:52:36.000000",1.0,29.55,1.0,N,145.0,118.0,1.0,85.0,0.0,0.5,0.0,12.24,0.3,98.04,0.0
1.0,"2019-08-10 14:35:27.000000","2019-08-10 15:31:18.000000",1.0,19.4,3.0,N,231.0,1.0,1.0,78.0,0.0,0.0,27.2,12.5,0.3,118.0,0.0
2.0,"2019-08-10 14:46:44.000000","2019-08-10 14:57:58.000000",4.0,1.52,1.0,N,118.0,118.0,2.0,8.0,0.0,0.5,0.0,0.0,0.3,8.8,0.0
1.0,"2019-08-10 14:58:54.000000","2019-08-10 16:02:45.000000",4.0,22.0,1.0,N,138.0,118.0,2.0,64.5,0.0,0.5,0.0,12.24,0.3,77.54,0.0
2.0,"2019-08-10 16:47:57.000000","2019-08-10 17:52:05.000000",1.0,20.66,3.0,N,209.0,1.0,1.0,86.0,0.0,0.0,19.76,12.5,0.3,118.56,0.0
1.0,"2019-08-10 16:40:58.000000","2019-08-10 16:51:47.000000",2.0,1.7,1.0,N,118.0,118.0,2.0,9.5,0.0,0.5,0.0,0.0,0.3,10.3,0.0
1.0,"2019-08-10 16:27:36.000000","2019-08-10 17:13:00.000000",1.0,25.3,4.0,N,132.0,174.0,1.0,118.0,0.0,0.5,24.95,6.12,0.3,149.87,0.0
2.0,"2019-08-10 18:48:11.000000","2019-08-10 18:48:30.000000",1.0,0.0,5.0,N,1.0,1.0,1.0,95.0,0.0,0.5,10.0,12.5,0.3,118.3,0.0
2.0,"2019-08-10 18:08:37.000000","2019-08-10 19:00:59.000000",6.0,19.78,5.0,N,132.0,79.0,1.0,100.0,0.0,0.5,9.0,6.12,0.3,118.42,2.5
2.0,"2019-08-10 19:11:58.000000","2019-08-11 19:07:28.000000",1.0,25.34,1.0,N,138.0,118.0,1.0,70.0,0.0,0.5,0.0,12.24,0.3,85.54,2.5
1.0,"2019-08-10 21:16:43.000000","2019-08-10 22:31:05.000000",2.0,28.4,1.0,N,132.0,118.0,2.0,83.0,0.5,0.5,0.0,12.24,0.3,96.54,0.0
2.0,"2019-08-10 23:00:27.000000","2019-08-10 23:51:49.000000",1.0,28.69,1.0,N,132.0,118.0,1.0,76.5,0.5,0.5,18.01,12.24,0.3,108.05,0.0
2.0,"2019-08-11 00:14:34.000000","2019-08-11 00:56:47.000000",1.0,28.48,1.0,N,132.0,118.0,2.0,75.0,0.5,0.5,0.0,12.24,0.3,88.54,0.0
1.0,"2019-08-11 02:39:01.000000","2019-08-11 02:43:11.000000",2.0,1.1,5.0,N,118.0,118.0,1.0,95.0,0.0,0.0,0.0,0.0,0.3,95.3,0.0
2.0,"2019-08-11 07:32:45.000000","2019-08-11 08:23:30.000000",1.0,38.43,3.0,N,132.0,1.0,1.0,118.5,0.0,0.0,28.31,22.74,0.3,169.85,0.0
2.0,"2019-08-11 11:37:32.000000","2019-08-11 12:38:26.000000",1.0,30.29,1.0,N,74.0,118.0,1.0,83.0,0.0,0.5,0.0,12.24,0.3,98.54,2.5
2.0,"2019-08-11 11:10:20.000000","2019-08-11 11:44:12.000000",2.0,22.0,3.0,N,163.0,1.0,1.0,77.0,0.0,0.0,15.1,26.1,0.3,118.5,0.0
2.0,"2019-08-11 14:16:22.000000","2019-08-11 15:00:37.000000",1.0,29.26,3.0,N,262.0,1.0,1.0,96.0,0.0,0.0,10.0,12.5,0.3,118.8,0.0
2.0,"2019-08-11 14:46:22.000000","2019-08-11 15:48:24.000000",6.0,18.5,3.0,N,233.0,1.0,1.0,80.0,0.0,0.0,19.76,18.5,0.3,118.56,0.0
2.0,"2019-08-11 15:54:32.000000","2019-08-11 16:45:26.000000",3.0,25.71,1.0,N,132.0,118.0,2.0,69.5,0.0,0.5,0.0,12.24,0.3,82.54,0.0
1.0,"2019-08-11 16:36:30.000000","2019-08-11 17:19:52.000000",1.0,21.1,1.0,N,138.0,118.0,1.0,57.5,0.0,0.5,21.15,12.24,0.3,91.69,0.0
2.0,"2019-08-11 17:57:57.000000","2019-08-11 18:29:19.000000",1.0,12.95,3.0,N,211.0,1.0,1.0,55.5,0.0,0.0,50.59,12.5,0.3,118.89,0.0
2.0,"2019-08-11 17:00:53.000000","2019-08-11 17:31:28.000000",1.0,18.93,1.0,N,14.0,118.0,1.0,52.0,0.0,0.5,0.0,12.24,0.3,65.04,0.0
2.0,"2019-08-11 19:03:00.000000","2019-08-11 19:35:50.000000",1.0,18.73,5.0,N,138.0,265.0,1.0,118.0,0.0,0.5,23.76,0.0,0.3,142.56,0.0
2.0,"2019-08-11 20:21:08.000000","2019-08-11 21:07:46.000000",2.0,25.87,1.0,N,132.0,118.0,2.0,69.5,0.5,0.5,0.0,12.24,0.3,83.04,0.0
2.0,"2019-08-11 21:30:19.000000","2019-08-11 21:31:39.000000",4.0,0.0,5.0,N,265.0,265.0,1.0,118.0,0.0,0.5,0.0,10.0,0.3,128.8,0.0
2.0,"2019-08-11 22:48:48.000000","2019-08-11 23:32:08.000000",1.0,20.79,5.0,N,132.0,265.0,1.0,118.11,0.0,0.0,20.0,10.5,0.3,151.41,2.5
2.0,"2019-08-12 07:41:35.000000","2019-08-12 08:16:27.000000",1.0,25.43,1.0,N,132.0,118.0,1.0,66.5,0.0,0.5,18.0,12.24,0.3,97.54,0.0
2.0,"2019-08-12 08:54:27.000000","2019-08-12 09:38:13.000000",1.0,28.65,3.0,N,151.0,1.0,1.0,93.5,0.0,0.0,10.63,12.5,0.3,118.88,0.0
2.0,"2019-08-12 09:11:20.000000","2019-08-12 10:13:27.000000",1.0,32.62,4.0,N,132.0,265.0,1.0,118.5,0.0,0.5,10.0,6.12,0.3,135.42,0.0
2.0,"2019-08-12 10:34:43.000000","2019-08-12 11:13:14.000000",1.0,22.25,3.0,N,163.0,1.0,1.0,77.0,0.0,0.0,23.64,17.25,0.3,118.19,0.0
2.0,"2019-08-12 10:14:34.000000","2019-08-12 10:41:01.000000",1.0,15.5,5.0,N,138.0,265.0,1.0,97.0,0.0,0.5,15.0,6.12,0.3,118.92,0.0
2.0,"2019-08-12 13:26:53.000000","2019-08-12 14:34:32.000000",1.0,28.5,1.0,N,132.0,118.0,2.0,83.5,0.0,0.5,0.0,12.24,0.3,96.54,0.0
2.0,"2019-08-12 13:47:08.000000","2019-08-12 14:38:57.000000",1.0,25.41,1.0,N,132.0,118.0,2.0,72.0,0.0,0.5,0.0,12.24,0.3,85.04,0.0
2.0,"2019-08-12 13:46:04.000000","2019-08-12 14:48:49.000000",2.0,27.65,1.0,N,132.0,118.0,2.0,79.0,0.0,0.5,0.0,12.24,0.3,92.04,0.0
2.0,"2019-08-12 13:03:53.000000","2019-08-12 13:43:35.000000",2.0,20.57,3.0,N,163.0,1.0,1.0,75.5,0.0,0.0,19.73,22.83,0.3,118.36,0.0
2.0,"2019-08-12 15:58:50.000000","2019-08-12 17:03:57.000000",2.0,30.4,5.0,N,132.0,265.0,1.0,98.0,0.0,0.5,19.76,0.0,0.3,118.56,0.0
2.0,"2019-08-12 16:56:35.000000","2019-08-12 19:04:12.000000",2.0,37.38,1.0,N,234.0,1.0,1.0,118.0,1.0,0.5,36.62,24.17,0.3,183.09,2.5
2.0,"2019-08-12 18:43:34.000000","2019-08-12 19:27:40.000000",2.0,24.45,4.0,N,132.0,265.0,2.0,112.0,5.5,0.5,0.0,0.0,0.3,118.3,0.0
2.0,"2019-08-12 20:30:49.000000","2019-08-12 21:03:17.000000",2.0,21.15,5.0,N,215.0,265.0,1.0,92.0,0.0,0.0,10.0,16.62,0.3,118.92,0.0
2.0,"2019-08-12 20:42:32.000000","2019-08-12 21:15:46.000000",1.0,24.03,1.0,N,132.0,118.0,1.0,63.0,0.5,0.5,0.0,12.24,0.3,76.54,0.0
2.0,"2019-08-12 21:56:56.000000","2019-08-12 22:37:51.000000",2.0,28.32,1.0,N,132.0,118.0,2.0,74.0,0.5,0.5,0.0,12.24,0.3,87.54,0.0
2.0,"2019-08-12 22:06:40.000000","2019-08-12 22:47:23.000000",1.0,18.6,1.0,N,161.0,118.0,2.0,52.5,0.5,0.5,0.0,12.24,0.3,68.54,2.5
2.0,"2019-08-12 23:07:06.000000","2019-08-12 23:08:42.000000",4.0,0.0,5.0,N,265.0,265.0,1.0,102.0,0.0,0.0,0.0,16.62,0.3,118.92,0.0
2.0,"2019-08-12 23:31:38.000000","2019-08-13 00:31:18.000000",1.0,23.26,1.0,N,161.0,118.0,1.0,68.0,0.5,0.5,13.5,12.24,0.3,97.54,2.5
1.0,"2019-08-13 04:39:03.000000","2019-08-13 05:32:42.000000",1.0,33.1,4.0,N,64.0,265.0,1.0,97.5,3.0,0.5,5.0,12.24,0.3,118.54,2.5
2.0,"2019-08-13 03:58:15.000000","2019-08-13 04:30:55.000000",1.0,23.28,4.0,N,132.0,265.0,1.0,107.0,0.5,0.5,10.0,0.0,0.3,118.3,0.0
1.0,"2019-08-13 08:05:57.000000","2019-08-13 09:10:00.000000",0.0,34.0,5.0,N,132.0,265.0,1.0,118.0,0.0,0.0,20.8,6.12,0.3,145.22,0.0
2.0,"2019-08-13 09:36:16.000000","2019-08-13 10:31:43.000000",1.0,25.6,1.0,N,164.0,118.0,1.0,74.5,0.0,0.5,18.56,15.0,0.3,111.36,2.5
2.0,"2019-08-13 10:25:43.000000","2019-08-13 11:23:32.000000",1.0,30.44,1.0,N,107.0,118.0,1.0,84.0,0.0,0.5,0.0,12.24,0.3,99.54,2.5
2.0,"2019-08-13 11:09:15.000000","2019-08-13 14:56:19.000000",1.0,0.0,1.0,N,193.0,193.0,2.0,115.5,0.0,0.5,0.0,0.0,0.3,118.8,2.5
2.0,"2019-08-13 11:47:36.000000","2019-08-13 12:45:28.000000",1.0,20.6,1.0,N,163.0,118.0,2.0,62.5,0.0,0.5,0.0,12.24,0.3,78.04,2.5
2.0,"2019-08-13 12:34:04.000000","2019-08-13 13:53:56.000000",1.0,17.09,1.0,N,118.0,118.0,1.0,63.5,0.0,0.5,0.0,0.0,0.3,64.3,0.0
2.0,"2019-08-13 12:34:08.000000","2019-08-13 13:58:46.000000",3.0,23.91,5.0,N,132.0,93.0,1.0,118.75,0.0,0.5,12.0,18.62,0.3,150.17,0.0
2.0,"2019-08-13 15:04:04.000000","2019-08-13 15:56:25.000000",5.0,18.26,3.0,N,163.0,1.0,1.0,72.5,0.0,0.0,27.39,18.5,0.3,118.69,0.0
2.0,"2019-08-13 18:42:08.000000","2019-08-13 19:23:47.000000",1.0,22.2,1.0,N,138.0,118.0,1.0,59.0,1.0,0.5,18.26,12.24,0.3,91.3,0.0
2.0,"2019-08-13 18:51:57.000000","2019-08-13 19:33:50.000000",2.0,28.63,5.0,N,132.0,118.0,1.0,95.0,0.0,0.5,10.0,12.24,0.3,118.04,0.0
1.0,"2019-08-13 18:24:04.000000","2019-08-13 19:02:27.000000",1.0,17.6,1.0,N,170.0,118.0,1.0,50.0,3.5,0.5,10.0,18.36,0.3,82.66,2.5
2.0,"2019-08-13 19:36:03.000000","2019-08-13 20:36:08.000000",1.0,38.69,1.0,N,173.0,5.0,1.0,104.0,1.0,0.5,0.0,12.24,0.3,118.04,0.0
2.0,"2019-08-14 00:33:34.000000","2019-08-14 01:23:53.000000",1.0,23.56,1.0,N,170.0,118.0,1.0,65.5,0.5,0.5,4.0,17.28,0.3,90.58,2.5
1.0,"2019-08-14 05:40:15.000000","2019-08-14 05:59:09.000000",1.0,14.0,5.0,N,132.0,223.0,1.0,98.12,0.0,0.0,19.65,0.0,0.3,118.07,0.0
2.0,"2019-08-14 07:08:58.000000","2019-08-14 07:52:04.000000",1.0,29.23,3.0,N,163.0,1.0,1.0,96.0,0.0,0.0,10.0,12.5,0.3,118.8,0.0
1.0,"2019-08-14 08:51:50.000000","2019-08-14 09:51:49.000000",1.0,35.7,1.0,N,100.0,265.0,2.0,118.5,2.5,0.5,0.0,6.12,0.3,127.92,2.5
2.0,"2019-08-14 08:49:39.000000","2019-08-14 10:04:49.000000",1.0,20.25,3.0,N,146.0,1.0,1.0,88.0,0.0,0.0,19.76,10.5,0.3,118.56,0.0
2.0,"2019-08-14 08:36:50.000000","2019-08-14 09:18:03.000000",1.0,31.02,3.0,N,161.0,1.0,2.0,99.5,0.0,0.0,0.0,18.5,0.3,118.3,0.0
1.0,"2019-08-14 09:11:14.000000","2019-08-14 10:09:29.000000",3.0,23.1,5.0,Y,132.0,265.0,1.0,118.75,0.0,0.0,10.0,16.62,0.3,145.67,0.0
2.0,"2019-08-14 09:51:03.000000","2019-08-14 09:51:39.000000",2.0,0.0,5.0,N,265.0,265.0,1.0,118.0,0.0,0.0,27.26,18.0,0.3,163.56,0.0
1.0,"2019-08-14 10:06:36.000000","2019-08-14 10:45:41.000000",1.0,16.8,1.0,N,246.0,118.0,2.0,48.5,2.5,0.5,0.0,0.0,0.3,51.8,2.5
1.0,"2019-08-14 11:02:32.000000","2019-08-14 11:44:42.000000",2.0,19.3,3.0,N,238.0,1.0,1.0,73.5,0.0,0.0,23.65,21.0,0.3,118.45,0.0
2.0,"2019-08-14 12:25:35.000000","2019-08-14 13:08:28.000000",2.0,25.83,1.0,N,132.0,118.0,2.0,69.0,0.0,0.5,0.0,12.24,0.3,82.04,0.0
2.0,"2019-08-14 13:32:42.000000","2019-08-14 14:37:54.000000",1.0,26.89,1.0,N,138.0,118.0,2.0,75.5,0.0,0.5,0.0,24.48,0.3,103.28,2.5
2.0,"2019-08-14 13:09:45.000000","2019-08-14 14:03:36.000000",1.0,25.66,3.0,N,233.0,1.0,1.0,90.5,0.0,0.0,10.0,17.5,0.3,118.3,0.0
2.0,"2019-08-14 14:08:14.000000","2019-08-14 15:00:23.000000",1.0,19.58,1.0,N,162.0,118.0,1.0,57.5,0.0,0.5,15.83,18.36,0.3,94.99,2.5
1.0,"2019-08-14 15:11:03.000000","2019-08-14 16:26:49.000000",1.0,19.7,3.0,N,161.0,1.0,1.0,81.5,0.0,0.0,11.2,25.0,0.3,118.0,0.0
2.0,"2019-08-14 17:05:17.000000","2019-08-14 18:19:02.000000",3.0,17.95,3.0,N,90.0,1.0,1.0,80.0,1.0,0.0,20.0,17.5,0.3,118.8,0.0
2.0,"2019-08-14 19:51:01.000000","2019-08-14 21:02:24.000000",4.0,19.48,5.0,N,132.0,265.0,1.0,100.0,0.0,0.0,5.0,10.5,0.3,118.3,2.5
1.0,"2019-08-14 19:53:57.000000","2019-08-14 20:26:35.000000",1.0,17.3,1.0,N,234.0,118.0,1.0,47.5,3.0,0.5,10.0,18.36,0.3,79.66,2.5
1.0,"2019-08-14 21:15:22.000000","2019-08-14 21:42:40.000000",1.0,19.5,4.0,N,132.0,265.0,1.0,102.5,0.5,0.5,15.0,0.0,0.3,118.8,0.0
1.0,"2019-08-14 22:39:30.000000","2019-08-14 23:31:03.000000",1.0,22.0,1.0,N,164.0,118.0,1.0,64.5,3.0,0.5,16.1,12.24,0.3,96.64,2.5
2.0,"2019-08-14 22:59:58.000000","2019-08-15 22:39:38.000000",2.0,22.62,1.0,N,162.0,118.0,1.0,62.5,0.5,0.5,12.0,18.36,0.3,96.66,2.5
2.0,"2019-08-15 10:12:30.000000","2019-08-15 10:12:48.000000",2.0,0.0,5.0,N,1.0,1.0,1.0,118.0,0.0,0.5,23.76,0.0,0.3,142.56,0.0
2.0,"2019-08-15 12:04:11.000000","2019-08-15 12:53:37.000000",1.0,22.1,4.0,N,230.0,265.0,1.0,118.0,0.0,0.5,10.0,16.9,0.3,148.2,2.5
2.0,"2019-08-15 13:26:27.000000","2019-08-15 14:24:20.000000",3.0,21.9,3.0,N,262.0,1.0,1.0,82.5,0.0,0.0,19.78,16.1,0.3,118.68,0.0
1.0,"2019-08-15 15:09:36.000000","2019-08-15 15:56:18.000000",0.0,16.2,1.0,N,234.0,118.0,1.0,48.0,2.5,0.5,20.0,18.36,0.3,89.66,2.5
2.0,"2019-08-15 16:49:44.000000","2019-08-15 16:49:47.000000",1.0,0.0,5.0,N,265.0,265.0,1.0,94.0,0.0,0.5,23.7,0.0,0.3,118.5,0.0
1.0,"2019-08-15 17:11:41.000000","2019-08-15 17:53:56.000000",1.0,23.1,4.0,N,138.0,265.0,1.0,86.5,1.0,0.5,23.6,6.12,0.3,118.02,0.0
2.0,"2019-08-15 17:05:41.000000","2019-08-15 18:39:42.000000",1.0,37.48,3.0,N,132.0,1.0,2.0,118.5,1.0,0.0,0.0,30.19,0.3,149.99,0.0
2.0,"2019-08-15 19:41:30.000000","2019-08-15 20:21:47.000000",1.0,18.46,5.0,N,163.0,1.0,1.0,85.0,0.0,0.5,19.76,10.5,0.3,118.56,2.5
2.0,"2019-08-15 20:46:46.000000","2019-08-15 21:22:01.000000",2.0,27.35,4.0,N,132.0,265.0,1.0,118.5,0.5,0.5,23.96,0.0,0.3,143.76,0.0
2.0,"2019-08-15 21:58:36.000000","2019-08-15 22:34:37.000000",1.0,17.59,1.0,N,87.0,118.0,1.0,49.0,0.5,0.5,14.23,18.36,0.3,85.39,2.5
2.0,"2019-08-15 22:36:12.000000","2019-08-15 23:18:15.000000",1.0,32.29,1.0,N,132.0,132.0,1.0,83.5,0.5,0.5,27.28,6.12,0.3,118.2,0.0
2.0,"2019-08-16 00:17:57.000000","2019-08-16 00:45:53.000000",1.0,16.5,1.0,N,231.0,118.0,1.0,45.5,0.5,0.5,13.53,18.36,0.3,81.19,2.5
2.0,"2019-08-16 00:27:58.000000","2019-08-16 01:06:03.000000",1.0,21.61,1.0,N,162.0,118.0,1.0,59.5,0.5,0.5,12.5,18.36,0.3,94.16,2.5
2.0,"2019-08-16 04:34:40.000000","2019-08-16 04:34:40.000000",1.0,0.03,5.0,N,264.0,264.0,1.0,99.0,0.0,0.0,19.8,0.0,0.0,118.8,0.0
1.0,"2019-08-16 06:01:34.000000","2019-08-16 06:29:57.000000",2.0,18.2,5.0,N,163.0,1.0,1.0,118.5,0.0,0.0,34.2,18.0,0.3,171.0,0.0
2.0,"2019-08-16 06:50:02.000000","2019-08-16 07:32:22.000000",1.0,31.07,3.0,N,161.0,1.0,2.0,99.5,0.0,0.0,0.0,18.5,0.3,118.3,0.0
2.0,"2019-08-16 07:45:30.000000","2019-08-16 08:23:27.000000",1.0,25.99,3.0,N,42.0,1.0,1.0,86.0,0.0,0.0,19.76,12.5,0.3,118.56,0.0
2.0,"2019-08-16 08:39:10.000000","2019-08-16 09:44:42.000000",4.0,39.64,5.0,N,132.0,265.0,1.0,118.0,0.0,0.0,0.0,24.74,0.3,143.04,0.0
1.0,"2019-08-16 09:28:04.000000","2019-08-16 10:41:30.000000",1.0,28.1,1.0,N,158.0,158.0,1.0,81.5,2.5,0.5,27.25,6.12,0.3,118.17,2.5
1.0,"2019-08-16 11:05:46.000000","2019-08-16 12:17:53.000000",1.0,25.8,4.0,N,138.0,265.0,1.0,110.0,0.0,0.5,2.0,6.12,0.3,118.92,0.0
2.0,"2019-08-16 14:54:25.000000","2019-08-16 15:50:36.000000",5.0,24.56,3.0,N,261.0,265.0,1.0,85.0,0.0,0.0,15.0,18.36,0.3,118.66,0.0
1.0,"2019-08-16 14:12:08.000000","2019-08-16 15:03:29.000000",1.0,17.3,1.0,N,186.0,118.0,1.0,53.0,2.5,0.5,3.0,18.36,0.3,77.66,2.5
2.0,"2019-08-16 15:03:03.000000","2019-08-16 16:15:38.000000",1.0,28.32,4.0,N,138.0,265.0,1.0,90.0,0.0,0.5,27.24,0.0,0.3,118.04,0.0
2.0,"2019-08-16 15:15:40.000000","2019-08-16 17:26:13.000000",1.0,32.93,5.0,N,132.0,265.0,1.0,118.0,0.0,0.5,3.0,18.62,0.3,142.92,2.5
1.0,"2019-08-16 16:58:07.000000","2019-08-16 18:19:09.000000",1.0,17.8,3.0,N,162.0,1.0,1.0,82.5,1.0,0.0,19.75,15.0,0.3,118.55,0.0
2.0,"2019-08-16 16:39:15.000000","2019-08-16 17:46:58.000000",2.0,25.33,1.0,N,132.0,118.0,2.0,71.0,1.0,0.5,0.0,12.24,0.3,85.04,0.0
2.0,"2019-08-16 16:38:06.000000","2019-08-16 17:55:21.000000",1.0,20.22,3.0,N,142.0,1.0,1.0,85.0,1.0,0.0,10.0,22.5,0.3,118.8,0.0
2.0,"2019-08-16 19:50:03.000000","2019-08-16 21:59:21.000000",1.0,38.97,1.0,N,132.0,57.0,1.0,118.0,1.0,0.5,23.96,0.0,0.3,143.76,0.0
1.0,"2019-08-16 20:48:58.000000","2019-08-16 21:51:44.000000",4.0,20.0,5.0,N,132.0,265.0,2.0,118.75,0.0,0.0,0.0,10.5,0.3,129.55,0.0
1.0,"2019-08-16 20:48:49.000000","2019-08-16 21:37:28.000000",1.0,31.2,4.0,N,79.0,265.0,1.0,118.5,3.0,0.5,24.45,0.0,0.3,146.75,2.5
1.0,"2019-08-16 22:09:40.000000","2019-08-16 22:58:35.000000",1.0,20.3,1.0,N,170.0,118.0,1.0,60.0,3.0,0.5,10.0,18.36,0.3,92.16,2.5
1.0,"2019-08-17 03:52:56.000000","2019-08-17 03:53:25.000000",1.0,0.0,5.0,N,118.0,118.0,1.0,30.0,0.0,0.0,5.0,0.0,0.3,35.3,0.0
1.0,"2019-08-17 08:19:06.000000","2019-08-17 08:51:10.000000",4.0,20.6,3.0,N,186.0,1.0,1.0,73.0,0.0,0.0,35.0,10.5,0.3,118.8,0.0
1.0,"2019-08-17 09:21:41.000000","2019-08-17 09:56:14.000000",1.0,27.0,4.0,N,138.0,265.0,1.0,103.5,0.0,0.5,8.0,6.12,0.3,118.42,0.0
1.0,"2019-08-17 13:05:16.000000","2019-08-17 13:05:47.000000",2.0,0.1,5.0,N,1.0,1.0,1.0,118.0,0.0,0.0,23.65,0.0,0.3,141.95,0.0
2.0,"2019-08-17 15:49:10.000000","2019-08-17 17:05:00.000000",1.0,36.26,3.0,N,138.0,42.0,2.0,118.5,0.0,0.0,0.0,18.62,0.3,137.42,0.0
2.0,"2019-08-17 18:31:35.000000","2019-08-17 19:52:26.000000",2.0,31.23,3.0,N,132.0,1.0,2.0,106.0,0.0,0.0,0.0,12.5,0.3,118.8,0.0
1.0,"2019-08-17 19:11:00.000000","2019-08-17 20:15:12.000000",2.0,38.1,5.0,N,132.0,265.0,1.0,118.75,0.0,0.0,10.0,37.24,0.3,166.29,0.0
2.0,"2019-08-17 19:06:40.000000","2019-08-17 20:19:47.000000",2.0,22.5,5.0,N,10.0,265.0,1.0,118.0,0.0,0.5,27.98,18.62,0.3,167.9,2.5
2.0,"2019-08-18 03:19:08.000000","2019-08-18 04:02:16.000000",1.0,18.22,1.0,N,158.0,118.0,1.0,53.5,0.5,0.5,5.0,12.24,0.3,74.54,2.5
2.0,"2019-08-18 07:23:16.000000","2019-08-18 07:54:31.000000",1.0,27.92,3.0,N,239.0,1.0,1.0,90.0,0.0,0.0,18.0,10.5,0.3,118.8,0.0
2.0,"2019-08-18 11:47:51.000000","2019-08-18 12:27:44.000000",2.0,12.21,5.0,N,82.0,265.0,1.0,118.75,0.0,0.0,28.03,18.62,0.3,168.2,2.5
2.0,"2019-08-18 11:58:53.000000","2019-08-18 12:28:37.000000",1.0,18.58,5.0,N,132.0,265.0,1.0,118.0,0.0,0.0,23.66,0.0,0.3,141.96,0.0
2.0,"2019-08-18 12:03:45.000000","2019-08-18 12:29:54.000000",1.0,19.75,5.0,N,138.0,265.0,1.0,118.0,0.0,0.0,25.22,7.78,0.3,151.3,0.0
1.0,"2019-08-18 12:55:40.000000","2019-08-18 14:35:46.000000",1.0,31.7,3.0,N,132.0,1.0,2.0,118.0,0.0,0.0,0.0,25.0,0.3,143.3,0.0
2.0,"2019-08-18 13:22:10.000000","2019-08-18 14:25:38.000000",1.0,28.08,1.0,N,132.0,118.0,2.0,76.0,0.0,0.5,0.0,12.24,0.3,89.04,0.0
2.0,"2019-08-18 13:20:52.000000","2019-08-18 14:17:37.000000",1.0,26.04,1.0,N,132.0,118.0,2.0,70.0,0.0,0.5,0.0,12.24,0.3,83.04,0.0
2.0,"2019-08-18 14:17:27.000000","2019-08-18 15:03:17.000000",2.0,21.48,5.0,N,161.0,132.0,1.0,100.0,0.0,0.0,10.0,6.12,0.3,118.92,2.5
1.0,"2019-08-18 15:13:42.000000","2019-08-18 16:14:10.000000",1.0,35.4,1.0,N,132.0,265.0,1.0,93.5,0.0,0.5,18.0,6.12,0.3,118.42,0.0
2.0,"2019-08-18 18:23:57.000000","2019-08-18 19:02:40.000000",1.0,17.01,5.0,N,230.0,265.0,1.0,110.0,0.0,0.5,5.0,0.0,0.3,118.3,2.5
2.0,"2019-08-18 19:03:24.000000","2019-08-18 19:55:35.000000",2.0,27.1,5.0,N,10.0,265.0,2.0,100.0,0.0,0.0,0.0,18.62,0.3,118.92,0.0
1.0,"2019-08-18 23:23:46.000000","2019-08-19 00:00:11.000000",1.0,27.5,4.0,N,132.0,265.0,1.0,118.5,0.5,0.5,0.0,0.0,0.3,119.8,0.0
2.0,"2019-08-19 00:58:48.000000","2019-08-19 01:34:53.000000",1.0,29.1,4.0,N,132.0,265.0,2.0,117.0,0.5,0.5,0.0,0.0,0.3,118.3,0.0
1.0,"2019-08-19 00:37:26.000000","2019-08-19 01:15:20.000000",1.0,20.6,5.0,N,132.0,265.0,1.0,92.0,0.0,0.0,10.0,16.62,0.3,118.92,0.0
2.0,"2019-08-19 02:35:02.000000","2019-08-19 03:08:28.000000",1.0,23.0,1.0,N,163.0,118.0,1.0,61.0,0.5,0.5,0.0,12.24,0.3,77.04,2.5
1.0,"2019-08-19 06:40:57.000000","2019-08-19 07:18:47.000000",3.0,15.2,2.0,N,132.0,145.0,2.0,52.0,0.0,0.5,0.0,66.12,0.3,118.92,0.0
2.0,"2019-08-19 07:51:29.000000","2019-08-19 08:38:20.000000",1.0,28.49,3.0,N,263.0,1.0,1.0,96.0,0.0,0.0,10.0,12.5,0.3,118.8,0.0
2.0,"2019-08-19 10:30:52.000000","2019-08-19 10:51:32.000000",1.0,6.88,1.0,N,23.0,118.0,1.0,22.0,0.0,0.5,0.0,0.0,0.3,22.8,0.0
2.0,"2019-08-19 12:18:03.000000","2019-08-19 13:32:46.000000",1.0,36.56,3.0,N,132.0,265.0,1.0,118.0,0.0,0.0,28.21,22.74,0.3,169.25,0.0
2.0,"2019-08-19 14:35:11.000000","2019-08-19 16:24:31.000000",1.0,22.73,1.0,N,230.0,230.0,1.0,85.5,0.0,0.5,23.73,6.12,0.3,118.65,2.5
2.0,"2019-08-19 16:46:32.000000","2019-08-19 18:00:35.000000",1.0,5.33,5.0,N,232.0,265.0,2.0,118.75,0.0,0.5,0.0,12.5,0.3,134.55,2.5
2.0,"2019-08-19 16:24:44.000000","2019-08-19 18:01:46.000000",1.0,24.5,5.0,N,132.0,265.0,2.0,97.0,0.0,0.5,0.0,18.62,0.3,118.92,2.5
2.0,"2019-08-19 17:16:07.000000","2019-08-19 18:04:22.000000",1.0,17.39,4.0,N,164.0,1.0,1.0,89.5,1.0,0.5,10.0,15.0,0.3,118.8,2.5
2.0,"2019-08-19 18:51:35.000000","2019-08-19 19:39:15.000000",1.0,28.92,1.0,N,132.0,118.0,1.0,77.0,1.0,0.5,0.0,12.24,0.3,91.04,0.0
1.0,"2019-08-19 22:40:55.000000","2019-08-19 23:26:31.000000",4.0,25.0,1.0,N,138.0,118.0,1.0,68.0,0.5,0.5,16.3,12.24,0.3,97.84,0.0
2.0,"2019-08-19 23:52:43.000000","2019-08-20 00:43:31.000000",1.0,32.28,4.0,N,132.0,265.0,2.0,111.5,0.5,0.5,0.0,6.12,0.3,118.92,0.0
1.0,"2019-08-20 00:03:14.000000","2019-08-20 00:35:52.000000",1.0,21.3,1.0,N,170.0,118.0,1.0,57.5,3.0,0.5,9.5,18.36,0.3,89.16,2.5
1.0,"2019-08-20 05:41:11.000000","2019-08-20 05:41:44.000000",2.0,0.0,5.0,N,1.0,1.0,1.0,118.5,0.0,0.0,23.75,0.0,0.3,142.55,0.0
2.0,"2019-08-20 09:02:22.000000","2019-08-20 09:43:14.000000",1.0,23.45,1.0,N,132.0,118.0,1.0,62.0,0.0,0.5,15.01,12.24,0.3,90.05,0.0
1.0,"2019-08-20 14:52:27.000000","2019-08-20 15:49:22.000000",1.0,20.3,3.0,N,163.0,1.0,1.0,77.5,0.0,0.0,19.75,21.0,0.3,118.55,0.0
1.0,"2019-08-20 14:30:46.000000","2019-08-20 15:12:12.000000",4.0,24.0,1.0,N,132.0,118.0,1.0,64.0,0.0,0.5,11.96,12.24,0.3,89.0,0.0
1.0,"2019-08-20 15:44:33.000000","2019-08-20 16:37:43.000000",1.0,30.6,4.0,N,132.0,265.0,1.0,91.5,0.0,0.5,19.65,6.12,0.3,118.07,0.0
2.0,"2019-08-20 16:39:13.000000","2019-08-20 17:47:21.000000",1.0,31.01,5.0,N,10.0,265.0,2.0,118.75,0.0,0.5,0.0,24.74,0.3,144.29,0.0
1.0,"2019-08-20 16:31:08.000000","2019-08-20 17:25:30.000000",1.0,21.8,3.0,N,75.0,1.0,1.0,80.0,1.0,0.0,19.75,17.5,0.3,118.55,0.0
2.0,"2019-08-20 16:08:06.000000","2019-08-20 17:05:25.000000",2.0,29.58,1.0,N,132.0,118.0,1.0,79.5,1.0,0.5,5.5,12.24,0.3,99.04,0.0
2.0,"2019-08-20 16:40:06.000000","2019-08-20 17:38:42.000000",5.0,19.5,3.0,N,230.0,1.0,1.0,79.5,1.0,0.0,19.81,18.25,0.3,118.86,0.0
1.0,"2019-08-20 18:38:44.000000","2019-08-20 18:39:44.000000",1.0,0.0,5.0,N,265.0,265.0,1.0,118.0,0.0,0.0,23.65,0.0,0.3,141.95,0.0
2.0,"2019-08-20 20:57:20.000000","2019-08-20 21:36:32.000000",2.0,19.24,1.0,N,237.0,118.0,1.0,53.5,0.5,0.5,17.38,12.24,0.3,86.92,2.5
2.0,"2019-08-20 20:27:02.000000","2019-08-20 21:14:28.000000",2.0,24.85,1.0,N,138.0,265.0,1.0,68.5,0.5,0.5,15.0,31.5,0.3,118.8,2.5
1.0,"2019-08-20 20:30:13.000000","2019-08-20 20:56:48.000000",1.0,13.9,1.0,N,125.0,118.0,2.0,38.5,3.0,0.5,0.0,18.36,0.3,60.66,2.5
1.0,"2019-08-20 21:37:58.000000","2019-08-20 22:26:08.000000",1.0,27.6,1.0,N,132.0,118.0,2.0,76.0,0.5,0.5,0.0,12.24,0.3,89.54,0.0
1.0,"2019-08-21 00:31:37.000000","2019-08-21 01:30:14.000000",1.0,21.4,1.0,N,162.0,118.0,1.0,67.5,3.0,0.5,0.0,12.24,0.3,83.54,2.5
2.0,"2019-08-21 00:55:22.000000","2019-08-21 01:34:45.000000",1.0,15.45,1.0,N,68.0,118.0,1.0,47.0,0.5,0.5,2.25,12.24,0.3,65.29,2.5
2.0,"2019-08-21 02:04:53.000000","2019-08-21 02:32:21.000000",1.0,17.96,5.0,N,93.0,265.0,1.0,118.0,0.0,0.5,0.2,12.24,0.3,131.24,0.0
2.0,"2019-08-21 11:36:17.000000","2019-08-21 12:15:50.000000",5.0,28.8,4.0,N,132.0,265.0,1.0,117.0,0.0,0.5,1.0,0.0,0.3,118.8,0.0
2.0,"2019-08-21 12:24:35.000000","2019-08-21 13:12:05.000000",1.0,20.53,3.0,N,230.0,1.0,1.0,78.5,0.0,0.0,19.7,19.7,0.3,118.2,0.0
2.0,"2019-08-21 14:32:03.000000","2019-08-21 15:33:20.000000",1.0,28.62,4.0,N,132.0,265.0,1.0,87.5,0.0,0.5,23.6,6.12,0.3,118.02,0.0
1.0,"2019-08-21 14:35:10.000000","2019-08-21 15:26:42.000000",2.0,28.7,1.0,N,132.0,118.0,1.0,77.0,0.0,0.5,18.0,12.24,0.3,108.04,0.0
2.0,"2019-08-21 16:58:45.000000","2019-08-21 18:00:47.000000",3.0,22.91,1.0,N,230.0,118.0,1.0,67.5,1.0,0.5,0.0,18.36,0.3,90.16,2.5
1.0,"2019-08-21 17:34:53.000000","2019-08-21 18:31:06.000000",3.0,28.9,5.0,N,132.0,265.0,1.0,92.0,0.0,0.0,19.65,6.12,0.3,118.07,0.0
2.0,"2019-08-21 17:55:03.000000","2019-08-21 18:47:00.000000",1.0,24.96,4.0,N,132.0,265.0,1.0,118.0,1.0,0.5,0.0,0.0,0.3,119.8,0.0
2.0,"2019-08-21 22:23:13.000000","2019-08-21 23:03:31.000000",1.0,17.18,5.0,N,130.0,265.0,2.0,118.88,0.0,0.0,0.0,10.5,0.3,132.18,2.5
2.0,"2019-08-21 23:08:13.000000","2019-08-21 23:42:08.000000",2.0,24.44,1.0,N,132.0,118.0,1.0,64.0,0.5,0.5,8.0,12.24,0.3,85.54,0.0
2.0,"2019-08-21 23:22:44.000000","2019-08-22 00:08:44.000000",2.0,23.09,5.0,N,132.0,265.0,2.0,105.0,0.0,0.5,0.0,10.5,0.3,118.8,2.5
2.0,"2019-08-22 00:34:52.000000","2019-08-22 01:04:00.000000",1.0,11.28,5.0,N,138.0,265.0,1.0,79.0,0.0,0.0,19.68,16.62,0.3,118.1,2.5
2.0,"2019-08-22 00:56:29.000000","2019-08-22 01:35:28.000000",1.0,25.81,1.0,N,138.0,118.0,1.0,70.0,0.5,0.5,10.0,12.24,0.3,93.54,0.0
2.0,"2019-08-22 01:40:52.000000","2019-08-22 02:02:53.000000",1.0,14.54,5.0,N,138.0,265.0,1.0,90.0,0.0,0.5,11.0,16.62,0.3,118.42,0.0
2.0,"2019-08-22 02:21:50.000000","2019-08-22 02:58:01.000000",2.0,21.5,1.0,N,162.0,118.0,1.0,58.5,0.5,0.5,12.0,18.12,0.3,92.42,2.5
2.0,"2019-08-22 07:49:09.000000","2019-08-22 08:32:03.000000",1.0,28.8,1.0,N,132.0,118.0,1.0,76.5,0.0,0.5,17.91,12.24,0.3,107.45,0.0
2.0,"2019-08-22 11:03:56.000000","2019-08-22 11:46:18.000000",1.0,20.31,3.0,N,163.0,1.0,1.0,75.5,0.0,0.0,23.62,18.7,0.3,118.12,0.0
2.0,"2019-08-22 13:59:22.000000","2019-08-22 15:18:51.000000",1.0,22.34,5.0,N,132.0,265.0,2.0,118.75,0.0,0.5,0.0,10.5,0.3,132.55,2.5
2.0,"2019-08-22 14:51:37.000000","2019-08-22 15:40:55.000000",1.0,25.8,1.0,N,132.0,118.0,1.0,69.0,0.0,0.5,5.0,12.24,0.3,87.04,0.0
1.0,"2019-08-22 14:01:28.000000","2019-08-22 14:56:36.000000",2.0,17.7,3.0,N,162.0,1.0,1.0,73.5,0.0,0.0,23.65,21.0,0.3,118.45,0.0
2.0,"2019-08-22 15:08:20.000000","2019-08-22 16:31:28.000000",1.0,37.06,3.0,N,132.0,1.0,1.0,118.5,0.0,0.0,35.95,25.0,0.3,179.75,0.0
2.0,"2019-08-22 15:32:30.000000","2019-08-22 16:54:58.000000",1.0,26.41,1.0,N,74.0,118.0,2.0,78.5,0.0,0.5,0.0,12.24,0.3,94.04,2.5
1.0,"2019-08-22 17:10:13.000000","2019-08-22 18:43:54.000000",1.0,28.0,1.0,N,132.0,109.0,1.0,85.0,1.0,0.5,19.8,12.24,0.3,118.84,0.0
2.0,"2019-08-22 17:25:48.000000","2019-08-22 18:27:34.000000",1.0,19.55,3.0,N,238.0,1.0,1.0,78.0,1.0,0.0,19.76,19.5,0.3,118.56,0.0
2.0,"2019-08-22 18:15:27.000000","2019-08-22 19:26:03.000000",3.0,25.09,1.0,N,132.0,118.0,1.0,71.5,1.0,0.5,17.11,12.24,0.3,102.65,0.0
1.0,"2019-08-22 18:55:58.000000","2019-08-22 19:47:11.000000",4.0,25.3,4.0,N,132.0,174.0,1.0,118.5,1.0,0.5,5.0,6.12,0.3,131.42,0.0
2.0,"2019-08-22 21:14:32.000000","2019-08-22 22:10:36.000000",2.0,20.61,5.0,N,164.0,265.0,1.0,100.0,0.0,0.0,10.0,6.12,0.3,118.92,2.5
2.0,"2019-08-22 21:29:45.000000","2019-08-22 22:37:18.000000",1.0,21.12,1.0,N,162.0,118.0,1.0,67.5,0.5,0.5,5.0,18.36,0.3,94.66,2.5
1.0,"2019-08-22 22:55:40.000000","2019-08-22 23:37:17.000000",1.0,19.2,1.0,N,237.0,118.0,1.0,53.5,3.0,0.5,20.85,12.24,0.3,90.39,2.5
2.0,"2019-08-22 22:25:28.000000","2019-08-22 22:26:31.000000",1.0,0.0,5.0,N,42.0,42.0,2.0,118.89,0.0,0.5,0.0,0.0,0.3,119.69,0.0
2.0,"2019-08-22 23:16:57.000000","2019-08-23 00:08:07.000000",5.0,39.16,3.0,N,132.0,265.0,1.0,118.0,0.5,0.0,0.0,35.5,0.3,154.3,0.0
2.0,"2019-08-23 00:28:39.000000","2019-08-23 01:08:17.000000",1.0,30.61,3.0,N,138.0,1.0,1.0,97.0,0.5,0.0,0.0,20.92,0.3,118.72,0.0
2.0,"2019-08-23 01:24:02.000000","2019-08-23 02:09:35.000000",3.0,32.51,4.0,N,132.0,265.0,1.0,111.5,0.5,0.5,0.0,5.76,0.3,118.56,0.0
2.0,"2019-08-23 03:04:46.000000","2019-08-23 03:35:23.000000",1.0,22.41,4.0,N,138.0,265.0,1.0,83.5,0.5,0.5,27.28,6.12,0.3,118.2,0.0
2.0,"2019-08-23 08:40:00.000000","2019-08-23 09:40:32.000000",1.0,18.68,3.0,N,161.0,1.0,1.0,79.5,0.0,0.0,19.68,18.62,0.3,118.1,0.0
2.0,"2019-08-23 08:12:37.000000","2019-08-23 09:04:59.000000",1.0,30.43,3.0,N,161.0,1.0,2.0,100.0,0.0,0.0,0.0,18.5,0.3,118.8,0.0
1.0,"2019-08-23 10:21:26.000000","2019-08-23 10:43:22.000000",1.0,13.2,1.0,N,13.0,118.0,1.0,36.5,2.5,0.5,10.0,22.0,0.3,71.8,2.5
1.0,"2019-08-23 11:40:40.000000","2019-08-23 11:54:31.000000",2.0,2.8,1.0,N,109.0,118.0,2.0,12.0,0.0,0.5,0.0,25.0,0.3,37.8,0.0
2.0,"2019-08-23 13:41:56.000000","2019-08-23 14:49:56.000000",1.0,20.79,3.0,N,87.0,1.0,1.0,85.0,0.0,0.0,15.0,18.5,0.3,118.8,0.0
1.0,"2019-08-23 13:50:09.000000","2019-08-23 14:55:47.000000",1.0,18.0,3.0,N,162.0,1.0,1.0,80.0,0.0,0.0,23.65,14.5,0.3,118.45,0.0
1.0,"2019-08-23 14:05:54.000000","2019-08-23 15:14:59.000000",1.0,17.3,3.0,N,162.0,1.0,1.0,80.5,0.0,0.0,19.7,17.7,0.3,118.2,0.0
2.0,"2019-08-23 16:35:54.000000","2019-08-23 17:46:46.000000",1.0,30.68,1.0,N,132.0,109.0,1.0,85.0,1.0,0.5,19.81,12.24,0.3,118.85,0.0
2.0,"2019-08-23 16:41:14.000000","2019-08-23 16:41:19.000000",5.0,0.0,5.0,N,265.0,265.0,1.0,118.0,0.0,0.5,23.76,0.0,0.3,142.56,0.0
2.0,"2019-08-23 16:49:26.000000","2019-08-23 18:17:37.000000",1.0,19.95,5.0,N,132.0,265.0,1.0,118.0,0.0,0.5,26.76,12.5,0.3,160.56,2.5
2.0,"2019-08-23 17:27:52.000000","2019-08-23 17:27:54.000000",1.0,0.0,5.0,N,264.0,264.0,1.0,118.0,0.0,0.5,25.0,0.0,0.3,143.8,0.0
2.0,"2019-08-23 18:51:33.000000","2019-08-24 00:00:00.000000",1.0,23.4,1.0,N,138.0,118.0,1.0,62.0,1.0,0.5,7.6,12.24,0.3,83.64,0.0
1.0,"2019-08-23 18:38:23.000000","2019-08-23 19:35:08.000000",0.0,26.8,4.0,N,132.0,265.0,1.0,90.5,1.0,0.5,19.65,6.12,0.3,118.07,0.0
2.0,"2019-08-23 22:33:33.000000","2019-08-23 23:30:23.000000",1.0,39.8,1.0,N,173.0,99.0,1.0,104.5,0.5,0.5,0.0,12.24,0.3,118.04,0.0
2.0,"2019-08-24 04:23:37.000000","2019-08-24 05:29:43.000000",1.0,31.88,1.0,N,164.0,66.0,1.0,88.5,0.5,0.5,19.68,6.12,0.3,118.1,2.5
1.0,"2019-08-24 05:47:12.000000","2019-08-24 06:23:58.000000",1.0,28.7,4.0,N,138.0,265.0,1.0,118.0,0.0,0.5,10.0,0.0,0.3,128.8,0.0
2.0,"2019-08-24 07:48:25.000000","2019-08-24 08:29:05.000000",1.0,25.44,1.0,N,132.0,118.0,1.0,68.0,0.0,0.5,16.21,12.24,0.3,97.25,0.0
2.0,"2019-08-24 07:26:33.000000","2019-08-24 08:09:06.000000",3.0,21.63,5.0,N,132.0,265.0,1.0,118.0,0.0,0.5,27.58,16.62,0.3,165.5,2.5
2.0,"2019-08-24 07:43:09.000000","2019-08-24 08:11:00.000000",1.0,17.51,5.0,N,163.0,1.0,1.0,85.0,0.0,0.5,19.76,10.5,0.3,118.56,2.5
2.0,"2019-08-24 10:39:17.000000","2019-08-24 11:21:59.000000",1.0,18.01,5.0,N,164.0,1.0,2.0,96.0,0.0,0.0,0.0,19.5,0.3,118.3,2.5
2.0,"2019-08-24 12:11:58.000000","2019-08-24 12:54:54.000000",4.0,16.93,5.0,N,68.0,1.0,2.0,96.0,0.0,0.0,0.0,19.5,0.3,118.3,2.5
1.0,"2019-08-24 13:03:54.000000","2019-08-24 14:27:09.000000",4.0,22.2,5.0,N,132.0,265.0,1.0,90.0,0.0,0.0,10.0,18.62,0.3,118.92,0.0
2.0,"2019-08-24 13:09:38.000000","2019-08-24 14:14:25.000000",2.0,9.09,5.0,N,226.0,265.0,2.0,118.75,0.0,0.5,0.0,12.5,0.3,134.55,2.5
2.0,"2019-08-24 15:05:20.000000","2019-08-24 16:04:21.000000",1.0,28.6,1.0,N,132.0,118.0,2.0,76.5,0.0,0.5,0.0,12.24,0.3,89.54,0.0
2.0,"2019-08-24 16:41:48.000000","2019-08-24 17:32:41.000000",1.0,29.48,1.0,N,132.0,118.0,2.0,78.5,0.0,0.5,0.0,12.24,0.3,91.54,0.0
2.0,"2019-08-24 18:35:10.000000","2019-08-24 20:08:08.000000",1.0,23.7,5.0,N,132.0,265.0,2.0,118.0,0.0,0.0,0.0,12.5,0.3,133.3,2.5
2.0,"2019-08-24 22:30:39.000000","2019-08-24 22:31:30.000000",1.0,0.0,5.0,N,1.0,1.0,1.0,118.0,0.0,0.0,14.0,22.74,0.3,155.04,0.0
1.0,"2019-08-25 01:26:44.000000","2019-08-25 02:01:34.000000",4.0,18.2,1.0,N,158.0,118.0,1.0,50.5,3.0,0.5,14.5,18.36,0.3,87.16,2.5
2.0,"2019-08-25 03:08:58.000000","2019-08-25 03:49:56.000000",2.0,16.7,1.0,N,148.0,118.0,2.0,47.5,0.5,0.5,0.0,18.36,0.3,69.66,2.5
2.0,"2019-08-25 07:26:42.000000","2019-08-25 08:05:33.000000",1.0,22.22,3.0,N,163.0,1.0,1.0,80.5,0.0,0.0,19.67,17.55,0.3,118.02,0.0
2.0,"2019-08-25 10:58:01.000000","2019-08-25 11:45:27.000000",3.0,28.09,1.0,N,132.0,118.0,1.0,74.0,0.0,0.5,17.41,12.24,0.3,104.45,0.0
2.0,"2019-08-25 11:38:50.000000","2019-08-25 12:38:58.000000",1.0,36.63,4.0,N,132.0,265.0,1.0,118.5,0.0,0.5,25.08,6.12,0.3,150.5,0.0
2.0,"2019-08-25 13:06:45.000000","2019-08-25 14:18:04.000000",2.0,38.11,3.0,N,132.0,1.0,2.0,118.0,0.0,0.0,0.0,30.24,0.3,148.54,0.0
2.0,"2019-08-25 19:37:37.000000","2019-08-25 20:34:05.000000",1.0,32.49,4.0,N,132.0,265.0,1.0,118.0,0.0,0.5,24.98,6.12,0.3,149.9,0.0
2.0,"2019-08-25 22:55:24.000000","2019-08-25 23:42:32.000000",1.0,21.32,1.0,N,100.0,118.0,1.0,61.0,0.5,0.5,0.0,18.36,0.3,83.16,2.5
2.0,"2019-08-26 01:01:17.000000","2019-08-26 01:39:35.000000",3.0,22.99,1.0,N,48.0,118.0,2.0,62.5,0.5,0.5,0.0,12.24,0.3,78.54,2.5
2.0,"2019-08-26 07:02:34.000000","2019-08-26 07:50:48.000000",1.0,31.23,1.0,N,246.0,265.0,1.0,83.0,0.0,0.5,19.76,12.5,0.3,118.56,2.5
2.0,"2019-08-26 09:13:14.000000","2019-08-26 09:46:22.000000",1.0,17.69,5.0,N,235.0,265.0,1.0,100.0,0.0,0.0,0.0,18.62,0.3,118.92,0.0
2.0,"2019-08-26 10:54:02.000000","2019-08-26 11:45:44.000000",1.0,30.98,1.0,N,132.0,118.0,2.0,83.0,0.0,0.5,0.0,12.24,0.3,96.04,0.0
2.0,"2019-08-26 12:08:20.000000","2019-08-26 13:01:14.000000",2.0,29.5,1.0,N,132.0,118.0,2.0,82.0,0.0,0.5,0.0,12.24,0.3,95.04,0.0
2.0,"2019-08-26 14:28:44.000000","2019-08-26 16:02:00.000000",4.0,40.9,5.0,N,132.0,265.0,1.0,100.0,0.0,0.5,10.0,7.31,0.3,118.11,0.0
1.0,"2019-08-26 15:40:08.000000","2019-08-26 16:43:16.000000",2.0,18.3,1.0,N,140.0,118.0,1.0,60.5,2.5,0.5,10.0,12.24,0.3,86.04,2.5
2.0,"2019-08-26 15:59:31.000000","2019-08-26 15:59:35.000000",2.0,0.0,5.0,N,1.0,1.0,1.0,118.5,0.0,0.0,23.76,0.0,0.3,142.56,0.0
2.0,"2019-08-26 15:28:13.000000","2019-08-26 16:23:52.000000",2.0,25.14,4.0,N,132.0,265.0,1.0,100.0,0.0,0.5,18.0,0.0,0.3,118.8,0.0
1.0,"2019-08-26 17:08:33.000000","2019-08-26 18:42:11.000000",4.0,26.2,1.0,N,138.0,118.0,2.0,83.0,1.0,0.5,0.0,12.24,0.3,97.04,0.0
2.0,"2019-08-26 17:05:27.000000","2019-08-26 18:20:29.000000",1.0,38.83,1.0,N,132.0,84.0,2.0,104.0,1.0,0.5,0.0,12.24,0.3,118.04,0.0
2.0,"2019-08-26 18:52:10.000000","2019-08-26 19:34:59.000000",1.0,26.35,5.0,N,170.0,265.0,1.0,90.0,0.0,0.0,19.78,6.12,0.3,118.7,2.5
2.0,"2019-08-26 18:59:02.000000","2019-08-26 19:41:35.000000",1.0,24.39,1.0,N,132.0,118.0,1.0,65.0,1.0,0.5,0.0,12.24,0.3,79.04,0.0
2.0,"2019-08-26 19:53:30.000000","2019-08-26 20:29:02.000000",1.0,24.03,1.0,N,132.0,118.0,2.0,63.0,1.0,0.5,0.0,12.24,0.3,77.04,0.0
2.0,"2019-08-26 21:08:09.000000","2019-08-26 21:56:35.000000",1.0,34.12,5.0,N,132.0,265.0,1.0,118.88,0.0,0.0,0.0,16.62,0.3,135.8,0.0
2.0,"2019-08-26 22:22:38.000000","2019-08-26 23:08:10.000000",1.0,27.13,5.0,N,132.0,265.0,1.0,118.0,0.0,0.0,20.0,16.62,0.3,157.42,2.5
1.0,"2019-08-26 23:58:37.000000","2019-08-26 23:59:04.000000",0.0,0.0,5.0,N,265.0,265.0,1.0,118.25,0.0,0.0,29.6,0.0,0.3,148.15,0.0
2.0,"2019-08-26 23:57:15.000000","2019-08-27 00:38:58.000000",2.0,22.06,1.0,N,170.0,118.0,1.0,61.0,0.5,0.5,10.0,17.28,0.3,92.08,2.5
2.0,"2019-08-27 14:56:21.000000","2019-08-27 16:17:29.000000",1.0,22.12,5.0,N,132.0,265.0,1.0,118.0,0.0,0.0,5.0,12.5,0.3,138.3,2.5
2.0,"2019-08-27 14:27:12.000000","2019-08-27 16:02:41.000000",2.0,39.49,1.0,N,244.0,117.0,1.0,109.5,0.0,0.5,0.0,8.41,0.3,118.71,0.0
1.0,"2019-08-27 16:51:22.000000","2019-08-27 17:38:46.000000",1.0,25.8,4.0,N,132.0,265.0,1.0,118.0,1.0,0.5,5.0,0.0,0.3,124.8,0.0
2.0,"2019-08-27 16:46:15.000000","2019-08-27 17:51:47.000000",1.0,23.66,4.0,N,132.0,265.0,2.0,118.5,1.0,0.5,0.0,0.0,0.3,120.3,0.0
2.0,"2019-08-27 18:41:14.000000","2019-08-27 19:18:20.000000",2.0,21.14,3.0,N,161.0,1.0,1.0,75.0,1.0,0.0,19.76,22.5,0.3,118.56,0.0
1.0,"2019-08-27 20:18:45.000000","2019-08-27 20:52:04.000000",1.0,19.0,1.0,N,162.0,118.0,1.0,51.5,3.0,0.5,18.4,18.36,0.3,92.06,2.5
2.0,"2019-08-27 20:14:25.000000","2019-08-27 21:01:06.000000",1.0,30.17,3.0,N,138.0,265.0,1.0,99.5,0.5,0.0,2.0,16.62,0.3,118.92,0.0
2.0,"2019-08-27 20:45:26.000000","2019-08-27 21:18:53.000000",1.0,21.59,1.0,N,138.0,118.0,2.0,57.0,0.5,0.5,0.0,12.24,0.3,70.54,0.0
1.0,"2019-08-27 21:33:48.000000","2019-08-27 22:16:59.000000",1.0,21.5,1.0,N,170.0,118.0,1.0,59.0,3.0,0.5,11.5,18.36,0.3,92.66,2.5
2.0,"2019-08-27 21:19:07.000000","2019-08-27 22:08:15.000000",1.0,25.32,5.0,N,132.0,265.0,2.0,112.0,0.0,0.0,0.0,6.12,0.3,118.42,0.0
1.0,"2019-08-27 22:21:11.000000","2019-08-27 22:54:56.000000",1.0,23.2,3.0,N,152.0,1.0,1.0,80.0,0.5,0.0,19.75,18.0,0.3,118.55,0.0
2.0,"2019-08-27 23:09:56.000000","2019-08-27 23:59:56.000000",1.0,27.53,1.0,N,68.0,204.0,1.0,76.5,0.5,0.5,19.73,18.36,0.3,118.39,2.5
2.0,"2019-08-28 09:57:43.000000","2019-08-28 10:41:50.000000",1.0,11.43,5.0,N,223.0,265.0,1.0,90.0,0.0,0.0,12.0,16.62,0.3,118.92,0.0
1.0,"2019-08-28 09:28:26.000000","2019-08-28 10:20:28.000000",1.0,22.5,4.0,N,138.0,265.0,1.0,94.0,0.0,0.5,23.65,0.0,0.3,118.45,0.0
2.0,"2019-08-28 09:15:09.000000","2019-08-28 10:18:29.000000",1.0,17.89,3.0,N,100.0,1.0,1.0,82.0,0.0,0.0,19.76,16.5,0.3,118.56,0.0
1.0,"2019-08-28 10:22:08.000000","2019-08-28 11:14:54.000000",1.0,20.6,3.0,N,162.0,1.0,1.0,81.5,0.0,0.0,19.65,16.62,0.3,118.07,0.0
2.0,"2019-08-28 15:18:44.000000","2019-08-28 16:19:16.000000",1.0,21.53,3.0,N,163.0,1.0,2.0,81.0,0.0,0.0,0.0,118.83,0.3,200.13,0.0
2.0,"2019-08-28 15:24:26.000000","2019-08-28 16:27:32.000000",1.0,18.2,5.0,N,13.0,265.0,1.0,85.5,0.0,0.0,19.76,10.5,0.3,118.56,2.5
2.0,"2019-08-28 17:41:42.000000","2019-08-28 18:43:48.000000",2.0,23.19,4.0,N,132.0,265.0,1.0,101.5,1.0,0.5,15.0,0.0,0.3,118.3,0.0
1.0,"2019-08-28 18:50:44.000000","2019-08-28 19:36:38.000000",2.0,29.7,4.0,N,138.0,265.0,1.0,118.5,1.0,0.5,18.0,6.12,0.3,144.42,0.0
2.0,"2019-08-28 19:13:41.000000","2019-08-28 19:15:01.000000",1.0,0.0,5.0,N,1.0,1.0,1.0,118.12,0.0,0.5,15.0,0.0,0.3,133.92,0.0
1.0,"2019-08-28 22:44:47.000000","2019-08-28 23:30:15.000000",1.0,28.9,1.0,N,162.0,204.0,1.0,77.0,3.0,0.5,19.8,18.36,0.3,118.96,2.5
1.0,"2019-08-29 05:35:14.000000","2019-08-29 06:14:53.000000",1.0,27.1,4.0,N,132.0,265.0,1.0,91.0,0.5,0.5,19.65,6.12,0.3,118.07,0.0
2.0,"2019-08-29 06:35:37.000000","2019-08-29 06:35:47.000000",2.0,0.0,5.0,N,1.0,1.0,1.0,90.0,0.0,0.5,10.0,17.5,0.3,118.3,0.0
2.0,"2019-08-29 09:20:59.000000","2019-08-29 10:20:56.000000",1.0,38.78,3.0,N,132.0,265.0,1.0,118.5,0.0,0.0,27.01,25.19,0.3,171.0,0.0
2.0,"2019-08-29 09:56:16.000000","2019-08-29 10:58:50.000000",2.0,18.99,5.0,N,161.0,1.0,2.0,95.0,0.0,0.5,0.0,20.0,0.3,118.3,2.5
2.0,"2019-08-29 11:57:07.000000","2019-08-29 13:00:22.000000",3.0,20.25,5.0,N,163.0,265.0,1.0,90.0,0.0,0.0,10.0,15.5,0.3,118.3,2.5
2.0,"2019-08-29 12:11:22.000000","2019-08-29 13:26:13.000000",1.0,26.94,1.0,N,132.0,118.0,1.0,78.0,0.0,0.5,18.21,12.24,0.3,109.25,0.0
2.0,"2019-08-29 13:27:53.000000","2019-08-29 14:30:56.000000",1.0,28.81,1.0,N,132.0,118.0,1.0,77.5,0.0,0.5,16.2,12.24,0.3,106.74,0.0
1.0,"2019-08-29 14:28:02.000000","2019-08-29 15:39:29.000000",1.0,31.2,4.0,N,132.0,265.0,1.0,118.0,0.0,0.5,20.0,6.12,0.3,144.92,0.0
2.0,"2019-08-29 13:59:01.000000","2019-08-29 14:48:40.000000",4.0,20.6,5.0,N,163.0,265.0,2.0,90.0,0.0,0.5,0.0,25.0,0.3,118.3,2.5
1.0,"2019-08-29 14:54:18.000000","2019-08-29 16:21:08.000000",1.0,16.9,3.0,N,161.0,1.0,1.0,84.0,0.0,0.0,23.65,10.5,0.3,118.45,0.0
2.0,"2019-08-29 15:43:01.000000","2019-08-29 17:01:49.000000",3.0,25.65,1.0,N,132.0,118.0,2.0,74.5,0.0,0.5,0.0,12.24,0.3,87.54,0.0
2.0,"2019-08-29 15:17:10.000000","2019-08-29 16:26:13.000000",3.0,19.63,5.0,N,10.0,265.0,1.0,118.75,0.0,0.0,20.0,18.62,0.3,160.17,2.5
2.0,"2019-08-29 16:08:09.000000","2019-08-29 17:19:59.000000",3.0,18.27,3.0,N,162.0,1.0,1.0,80.5,1.0,0.0,19.72,16.8,0.3,118.32,0.0
2.0,"2019-08-29 16:28:31.000000","2019-08-29 17:40:09.000000",5.0,27.99,1.0,N,132.0,118.0,2.0,76.0,1.0,0.5,0.0,0.0,0.3,77.8,0.0
2.0,"2019-08-29 17:17:38.000000","2019-08-29 18:15:41.000000",1.0,17.13,3.0,N,50.0,1.0,1.0,72.5,1.0,0.0,27.39,17.5,0.3,118.69,0.0
2.0,"2019-08-29 18:50:00.000000","2019-08-29 19:47:57.000000",1.0,25.55,1.0,N,132.0,118.0,2.0,69.0,1.0,0.5,0.0,12.24,0.3,83.04,0.0
1.0,"2019-08-29 18:52:35.000000","2019-08-29 19:25:49.000000",2.0,16.4,5.0,N,132.0,265.0,1.0,118.0,0.0,0.0,0.0,0.0,0.3,118.3,0.0
2.0,"2019-08-29 19:13:21.000000","2019-08-29 19:54:58.000000",1.0,28.9,4.0,N,132.0,265.0,2.0,116.5,1.0,0.5,0.0,0.0,0.3,118.3,0.0
1.0,"2019-08-29 22:30:29.000000","2019-08-29 23:28:29.000000",1.0,27.9,1.0,N,132.0,265.0,1.0,76.5,0.5,0.5,35.0,6.12,0.3,118.92,0.0
2.0,"2019-08-29 22:03:30.000000","2019-08-29 22:58:12.000000",1.0,19.57,1.0,N,261.0,118.0,1.0,59.0,0.5,0.5,15.01,12.24,0.3,90.05,2.5
2.0,"2019-08-29 23:00:27.000000","2019-08-29 23:51:20.000000",1.0,21.45,1.0,N,90.0,118.0,1.0,62.0,0.5,0.5,16.83,18.36,0.3,100.99,2.5
2.0,"2019-08-30 04:10:44.000000","2019-08-30 04:55:04.000000",3.0,29.37,4.0,N,132.0,265.0,2.0,117.0,0.5,0.5,0.0,0.0,0.3,118.3,0.0
2.0,"2019-08-30 06:18:13.000000","2019-08-30 06:55:32.000000",3.0,24.58,5.0,N,132.0,265.0,1.0,99.5,0.0,0.0,0.0,18.26,0.3,118.06,0.0
1.0,"2019-08-30 11:07:32.000000","2019-08-30 12:11:09.000000",1.0,28.8,4.0,N,52.0,265.0,1.0,90.0,0.0,0.5,27.2,0.0,0.3,118.0,0.0
1.0,"2019-08-30 11:09:39.000000","2019-08-30 12:25:12.000000",1.0,17.0,3.0,N,186.0,265.0,1.0,77.5,0.0,0.0,19.75,21.0,0.3,118.55,0.0
1.0,"2019-08-30 15:21:16.000000","2019-08-30 16:30:38.000000",1.0,20.2,3.0,N,233.0,1.0,1.0,80.0,0.0,0.0,19.75,18.5,0.3,118.55,0.0
1.0,"2019-08-30 15:56:31.000000","2019-08-30 17:09:57.000000",1.0,19.5,3.0,N,163.0,1.0,1.0,81.0,1.0,0.0,23.65,12.5,0.3,118.45,0.0
2.0,"2019-08-30 16:21:09.000000","2019-08-30 17:41:32.000000",1.0,29.28,1.0,N,132.0,118.0,2.0,84.0,1.0,0.5,0.0,12.24,0.3,98.04,0.0
2.0,"2019-08-30 17:02:08.000000","2019-08-30 18:13:39.000000",3.0,21.26,1.0,N,48.0,118.0,2.0,65.5,1.0,0.5,0.0,18.36,0.3,88.16,2.5
2.0,"2019-08-30 17:47:09.000000","2019-08-30 18:55:01.000000",1.0,24.29,4.0,N,140.0,1.0,1.0,102.0,1.0,0.5,0.0,12.5,0.3,118.8,2.5
2.0,"2019-08-30 17:25:52.000000","2019-08-30 18:16:01.000000",1.0,13.87,5.0,N,170.0,265.0,1.0,92.0,0.0,0.0,5.8,17.5,0.3,118.1,2.5
2.0,"2019-08-30 17:20:49.000000","2019-08-30 18:14:38.000000",1.0,19.41,1.0,N,161.0,118.0,2.0,56.0,1.0,0.5,0.0,12.24,0.3,72.54,2.5
1.0,"2019-08-30 18:13:44.000000","2019-08-30 19:03:52.000000",1.0,25.0,1.0,N,132.0,118.0,2.0,67.5,1.0,0.5,0.0,12.24,0.3,81.54,0.0
2.0,"2019-08-30 20:05:02.000000","2019-08-30 20:55:54.000000",1.0,22.81,1.0,N,140.0,118.0,1.0,65.0,0.5,0.5,24.31,12.24,0.3,105.35,2.5
2.0,"2019-08-30 21:15:46.000000","2019-08-30 22:09:13.000000",3.0,28.7,1.0,N,132.0,118.0,1.0,76.5,0.5,0.5,0.0,12.24,0.3,90.04,0.0
2.0,"2019-08-30 21:51:00.000000","2019-08-30 22:33:06.000000",2.0,22.15,1.0,N,162.0,118.0,1.0,61.0,0.5,0.5,5.0,18.36,0.3,88.16,2.5
2.0,"2019-08-30 23:14:35.000000","2019-08-31 00:57:57.000000",1.0,39.88,1.0,N,55.0,158.0,1.0,118.0,0.5,0.5,0.0,6.12,0.3,125.42,0.0
1.0,"2019-08-30 23:09:48.000000","2019-08-30 23:50:20.000000",1.0,26.6,1.0,N,132.0,118.0,1.0,70.0,0.5,0.5,16.7,12.24,0.3,100.24,0.0
2.0,"2019-08-31 05:57:56.000000","2019-08-31 06:28:29.000000",1.0,23.72,1.0,N,132.0,118.0,1.0,62.5,0.5,0.5,15.21,12.24,0.3,91.25,0.0
2.0,"2019-08-31 07:28:51.000000","2019-08-31 08:26:19.000000",1.0,28.91,1.0,N,173.0,118.0,1.0,83.0,0.0,0.5,0.0,12.24,0.3,96.04,0.0
2.0,"2019-08-31 09:32:55.000000","2019-08-31 10:20:13.000000",6.0,26.04,4.0,N,132.0,265.0,1.0,87.5,0.0,0.5,23.6,6.12,0.3,118.02,0.0
2.0,"2019-08-31 10:45:47.000000","2019-08-31 11:21:19.000000",1.0,16.08,1.0,N,234.0,118.0,1.0,46.0,0.0,0.5,16.91,18.36,0.3,84.57,2.5
2.0,"2019-08-31 10:24:54.000000","2019-08-31 11:16:32.000000",1.0,32.5,1.0,N,132.0,265.0,1.0,84.5,0.0,0.5,27.43,6.12,0.3,118.85,0.0
2.0,"2019-08-31 11:53:01.000000","2019-08-31 11:53:07.000000",1.0,0.2,5.0,N,264.0,264.0,1.0,118.0,0.0,0.5,23.7,0.0,0.0,142.2,0.0
2.0,"2019-08-31 11:16:23.000000","2019-08-31 12:12:55.000000",1.0,28.38,4.0,N,132.0,265.0,1.0,96.5,0.0,0.5,15.0,6.12,0.3,118.42,0.0
2.0,"2019-08-31 12:40:06.000000","2019-08-31 13:17:03.000000",1.0,26.22,3.0,N,166.0,1.0,1.0,86.0,0.0,0.0,19.76,12.5,0.3,118.56,0.0
1.0,"2019-08-31 14:26:15.000000","2019-08-31 15:21:56.000000",1.0,29.0,4.0,N,132.0,265.0,1.0,118.0,0.0,0.5,15.0,0.0,0.3,133.8,0.0
1.0,"2019-08-31 16:28:16.000000","2019-08-31 17:16:41.000000",1.0,25.2,1.0,N,132.0,118.0,1.0,68.0,0.0,0.5,16.2,12.24,0.3,97.24,0.0
1.0,"2019-08-31 16:42:02.000000","2019-08-31 17:49:52.000000",1.0,31.7,4.0,N,132.0,265.0,1.0,118.5,0.0,0.5,14.5,6.12,0.3,139.92,0.0
1.0,"2019-08-31 16:57:15.000000","2019-08-31 17:50:14.000000",2.0,30.9,4.0,N,132.0,265.0,1.0,91.0,1.0,0.5,20.0,6.12,0.3,118.92,0.0
2.0,"2019-08-31 16:42:45.000000","2019-08-31 18:06:09.000000",1.0,22.17,5.0,N,132.0,265.0,1.0,115.55,0.0,0.0,0.0,0.0,0.3,118.35,2.5
1.0,"2019-08-31 18:02:53.000000","2019-08-31 19:02:34.000000",1.0,21.5,5.0,N,132.0,265.0,1.0,100.0,0.0,0.0,0.0,18.62,0.3,118.92,0.0
2.0,"2019-08-31 19:25:11.000000","2019-08-31 19:58:29.000000",1.0,5.4,5.0,N,234.0,265.0,1.0,118.76,0.0,0.5,10.0,18.62,0.3,150.68,2.5
2.0,"2019-08-31 22:03:27.000000","2019-08-31 22:36:33.000000",1.0,15.83,1.0,N,158.0,118.0,1.0,45.0,0.5,0.5,5.0,18.36,0.3,72.16,2.5
,"2019-08-03 17:04:51.000000","2019-08-03 18:13:41.000000",,37.63,,,252.0,118.0,,79.22,2.75,0.0,0.0,24.48,0.3,106.75,0.0
,"2019-08-15 12:28:00.000000","2019-08-15 13:29:00.000000",,23.43,,,161.0,118.0,,61.59,2.75,0.5,0.0,18.36,0.3,83.5,0.0
,"2019-08-30 15:05:00.000000","2019-08-30 16:44:00.000000",,20.09,,,100.0,118.0,,61.95,2.75,0.5,0.0,23.0,0.3,88.5,0.0
