2.0,"2019-08-01 08:30:05.000000","2019-08-01 09:36:51.000000",1.0,34.98,4.0,N,138.0,1.0,1.0,156.0,0.0,0.5,15.0,22.62,0.3,194.42,0.0
1.0,"2019-08-01 10:45:36.000000","2019-08-01 11:42:15.000000",1.0,29.6,5.0,N,138.0,265.0,2.0,150.0,0.0,0.0,0.0,6.12,0.3,156.42,0.0
2.0,"2019-08-01 14:44:46.000000","2019-08-01 15:25:26.000000",1.0,14.99,5.0,N,223.0,265.0,1.0,150.0,0.0,0.0,0.0,6.12,0.3,156.42,0.0
2.0,"2019-08-01 15:50:59.000000","2019-08-01 16:17:01.000000",1.0,6.05,1.0,N,206.0,156.0,2.0,21.5,0.0,0.5,0.0,0.0,0.3,22.3,0.0
2.0,"2019-08-01 16:17:08.000000","2019-08-01 17:23:37.000000",1.0,33.17,5.0,N,132.0,265.0,2.0,150.0,0.0,0.0,0.0,6.12,0.3,156.42,0.0
1.0,"2019-08-01 16:36:50.000000","2019-08-01 18:39:53.000000",1.0,18.0,3.0,N,161.0,1.0,1.0,101.5,1.0,0.0,31.2,22.0,0.3,156.0,0.0
2.0,"2019-08-01 18:05:52.000000","2019-08-01 19:08:49.000000",1.0,29.19,1.0,N,132.0,156.0,2.0,79.0,1.0,0.5,0.0,12.24,0.3,93.04,0.0
2.0,"2019-08-01 21:00:53.000000","2019-08-01 21:41:29.000000",1.0,22.11,1.0,N,100.0,156.0,1.0,60.0,0.5,0.5,7.0,13.0,0.3,83.8,2.5
2.0,"2019-08-01 23:27:46.000000","2019-08-02 00:09:45.000000",1.0,20.72,1.0,N,48.0,156.0,1.0,58.5,0.5,0.5,5.0,18.36,0.3,85.66,2.5
2.0,"2019-08-02 01:32:56.000000","2019-08-02 01:32:58.000000",1.0,0.0,5.0,N,264.0,264.0,1.0,130.0,0.0,0.5,26.16,0.0,0.3,156.96,0.0
2.0,"2019-08-02 09:54:31.000000","2019-08-02 10:30:00.000000",1.0,16.9,1.0,N,231.0,156.0,2.0,47.0,0.0,0.5,0.0,12.24,0.3,62.54,2.5
1.0,"2019-08-02 15:03:57.000000","2019-08-02 16:30:27.000000",2.0,43.4,5.0,Y,138.0,265.0,2.0,150.0,0.0,0.0,0.0,6.12,0.3,156.42,0.0
2.0,"2019-08-02 16:09:13.000000","2019-08-02 16:09:20.000000",1.0,0.0,5.0,N,264.0,265.0,1.0,130.0,0.0,0.0,26.06,0.0,0.3,156.36,0.0
2.0,"2019-08-03 00:01:52.000000","2019-08-03 00:49:45.000000",1.0,29.74,1.0,N,132.0,156.0,2.0,80.0,0.5,0.5,0.0,12.24,0.3,93.54,0.0
2.0,"2019-08-03 02:32:39.000000","2019-08-03 03:14:11.000000",1.0,30.62,5.0,N,264.0,264.0,1.0,140.0,0.0,0.0,0.0,16.62,0.3,156.92,0.0
1.0,"2019-08-03 03:53:54.000000","2019-08-03 04:27:17.000000",2.0,20.4,1.0,N,148.0,156.0,2.0,55.5,3.0,0.5,0.0,12.24,0.3,71.54,2.5
1.0,"2019-08-03 10:09:49.000000","2019-08-03 11:33:39.000000",2.0,63.3,5.0,N,113.0,265.0,1.0,150.0,0.0,0.0,0.0,6.12,0.3,156.42,0.0
2.0,"2019-08-03 13:53:46.000000","2019-08-03 15:02:16.000000",2.0,28.22,1.0,N,132.0,156.0,1.0,77.0,0.0,0.5,11.0,12.24,0.3,101.04,0.0
2.0,"2019-08-03 15:28:02.000000","2019-08-03 15:28:04.000000",1.0,0.0,5.0,N,264.0,264.0,1.0,130.0,0.0,0.5,26.16,0.0,0.3,156.96,0.0
1.0,"2019-08-04 10:51:23.000000","2019-08-04 11:02:03.000000",1.0,0.0,1.0,N,251.0,156.0,1.0,49.2,0.0,0.5,0.0,12.24,0.3,62.24,0.0
2.0,"2019-08-04 12:04:21.000000","2019-08-04 12:47:13.000000",1.0,23.26,5.0,N,70.0,265.0,1.0,130.0,0.0,0.5,26.16,0.0,0.3,156.96,0.0
1.0,"2019-08-04 19:57:43.000000","2019-08-04 21:05:36.000000",1.0,44.6,1.0,N,132.0,265.0,1.0,116.5,0.5,0.5,20.0,18.62,0.3,156.42,0.0
2.0,"2019-08-04 20:14:04.000000","2019-08-04 20:19:06.000000",1.0,0.82,1.0,N,230.0,156.0,2.0,5.5,0.5,0.5,0.0,0.0,0.3,9.3,2.5
1.0,"2019-08-05 08:59:37.000000","2019-08-05 09:40:47.000000",4.0,18.6,1.0,N,158.0,156.0,2.0,53.0,2.5,0.5,0.0,18.24,0.3,74.54,2.5
2.0,"2019-08-05 10:13:33.000000","2019-08-05 10:53:43.000000",1.0,26.64,5.0,N,132.0,265.0,1.0,156.0,0.0,0.0,10.0,0.0,0.3,166.3,0.0
1.0,"2019-08-05 19:42:23.000000","2019-08-05 20:32:01.000000",1.0,22.5,1.0,N,237.0,156.0,1.0,63.5,3.5,0.5,17.2,18.36,0.3,103.36,2.5
2.0,"2019-08-05 20:01:28.000000","2019-08-05 20:34:31.000000",1.0,17.72,1.0,N,45.0,156.0,2.0,48.5,0.5,0.5,0.0,12.24,0.3,64.54,2.5
2.0,"2019-08-05 21:09:46.000000","2019-08-05 21:49:18.000000",5.0,19.84,1.0,N,230.0,156.0,1.0,55.0,0.5,0.5,15.56,19.0,0.3,93.36,2.5
2.0,"2019-08-05 23:08:34.000000","2019-08-06 00:45:05.000000",1.0,49.15,1.0,N,170.0,156.0,1.0,137.5,0.5,0.5,30.0,14.53,0.3,185.83,2.5
2.0,"2019-08-06 20:06:03.000000","2019-08-06 20:48:20.000000",4.0,30.15,5.0,N,132.0,265.0,1.0,140.0,0.0,0.0,10.0,6.12,0.3,156.42,0.0
2.0,"2019-08-06 22:27:41.000000","2019-08-06 23:40:51.000000",1.0,23.09,1.0,N,170.0,156.0,1.0,75.5,0.5,0.5,71.22,12.24,0.3,162.76,2.5
1.0,"2019-08-07 12:24:17.000000","2019-08-07 13:22:28.000000",1.0,36.7,4.0,N,138.0,265.0,1.0,156.0,0.0,0.5,20.0,6.12,0.3,182.92,0.0
2.0,"2019-08-07 15:15:56.000000","2019-08-07 17:41:18.000000",1.0,25.24,1.0,N,138.0,1.0,1.0,103.0,0.0,0.5,31.23,18.62,0.3,156.15,2.5
2.0,"2019-08-07 18:54:40.000000","2019-08-07 18:54:43.000000",1.0,0.0,5.0,N,265.0,265.0,1.0,130.0,0.0,0.5,26.16,0.0,0.3,156.96,0.0
1.0,"2019-08-07 20:05:20.000000","2019-08-07 21:01:14.000000",1.0,33.0,5.0,N,233.0,265.0,1.0,125.0,0.0,0.0,25.0,6.12,0.3,156.42,0.0
2.0,"2019-08-07 23:16:13.000000","2019-08-08 00:04:39.000000",1.0,25.73,1.0,N,138.0,156.0,1.0,71.0,0.5,0.5,0.0,12.24,0.3,84.54,0.0
2.0,"2019-08-08 00:11:28.000000","2019-08-08 00:46:10.000000",1.0,21.2,1.0,N,107.0,156.0,1.0,57.5,0.5,0.5,12.0,12.24,0.3,85.54,2.5
2.0,"2019-08-08 05:49:26.000000","2019-08-08 06:53:49.000000",1.0,26.87,5.0,N,130.0,1.0,1.0,120.0,0.0,0.5,15.0,18.62,0.3,156.92,2.5
2.0,"2019-08-08 11:49:59.000000","2019-08-08 12:24:07.000000",2.0,28.67,5.0,N,132.0,265.0,1.0,141.0,0.0,0.0,15.0,0.0,0.3,156.3,0.0
2.0,"2019-08-08 15:55:18.000000","2019-08-08 16:58:02.000000",5.0,29.24,5.0,N,132.0,265.0,2.0,150.0,0.0,0.5,0.0,6.12,0.3,156.92,0.0
2.0,"2019-08-08 18:26:36.000000","2019-08-08 19:24:59.000000",1.0,29.43,1.0,N,132.0,156.0,2.0,79.0,1.0,0.5,0.0,12.24,0.3,93.04,0.0
2.0,"2019-08-08 18:42:03.000000","2019-08-08 20:01:41.000000",1.0,30.34,1.0,N,132.0,156.0,2.0,89.5,1.0,0.5,0.0,12.24,0.3,103.54,0.0
1.0,"2019-08-08 19:57:43.000000","2019-08-08 21:43:04.000000",1.0,32.5,3.0,N,137.0,137.0,1.0,119.5,0.5,0.0,26.15,10.5,0.3,156.95,0.0
2.0,"2019-08-08 21:06:02.000000","2019-08-08 22:00:15.000000",1.0,20.58,5.0,N,10.0,265.0,1.0,120.0,0.0,0.0,20.0,16.62,0.3,156.92,0.0
2.0,"2019-08-08 23:31:10.000000","2019-08-08 23:31:24.000000",1.0,0.24,5.0,N,75.0,75.0,1.0,130.0,0.0,0.5,26.16,0.0,0.3,156.96,0.0
1.0,"2019-08-09 11:34:47.000000","2019-08-09 13:38:48.000000",2.0,37.1,1.0,N,265.0,238.0,1.0,121.0,2.5,0.5,26.05,6.12,0.3,156.47,2.5
2.0,"2019-08-09 13:36:49.000000","2019-08-09 15:44:41.000000",2.0,41.59,1.0,N,132.0,156.0,2.0,118.5,0.0,0.5,0.0,12.24,0.3,134.04,2.5
2.0,"2019-08-09 14:44:15.000000","2019-08-09 17:13:29.000000",1.0,17.76,3.0,N,161.0,1.0,1.0,117.5,0.0,0.0,26.06,12.5,0.3,156.36,0.0
2.0,"2019-08-09 14:30:19.000000","2019-08-09 15:42:49.000000",1.0,17.41,4.0,N,163.0,265.0,1.0,97.0,0.0,0.5,26.06,30.0,0.3,156.36,2.5
1.0,"2019-08-09 15:01:27.000000","2019-08-09 16:37:02.000000",2.0,42.9,5.0,N,138.0,265.0,3.0,150.0,0.0,0.0,0.0,6.12,0.3,156.42,0.0
1.0,"2019-08-09 17:39:41.000000","2019-08-09 17:40:37.000000",1.0,0.0,5.0,N,1.0,1.0,1.0,156.62,0.0,0.0,0.0,12.5,0.3,169.42,0.0
2.0,"2019-08-09 17:04:46.000000","2019-08-09 17:04:49.000000",5.0,0.02,5.0,N,264.0,264.0,1.0,130.0,0.0,0.5,26.16,0.0,0.3,156.96,0.0
2.0,"2019-08-09 21:29:28.000000","2019-08-09 22:20:10.000000",1.0,16.42,5.0,N,265.0,265.0,2.0,145.0,0.0,0.5,0.0,10.5,0.3,156.3,0.0
2.0,"2019-08-09 22:57:09.000000","2019-08-09 23:43:57.000000",1.0,37.09,3.0,N,132.0,1.0,1.0,113.0,0.5,0.0,15.0,27.94,0.3,156.74,0.0
2.0,"2019-08-10 01:14:21.000000","2019-08-10 02:03:41.000000",1.0,36.81,4.0,N,132.0,265.0,2.0,156.5,0.5,0.5,0.0,0.0,0.3,157.8,0.0
1.0,"2019-08-10 18:59:54.000000","2019-08-10 20:11:19.000000",3.0,37.9,3.0,N,132.0,1.0,1.0,120.0,1.0,0.0,10.0,24.74,0.3,156.04,0.0
2.0,"2019-08-10 21:46:25.000000","2019-08-10 21:46:31.000000",1.0,0.0,5.0,N,265.0,265.0,1.0,120.0,0.0,0.0,36.09,0.0,0.3,156.39,0.0
2.0,"2019-08-11 03:49:10.000000","2019-08-11 04:23:47.000000",1.0,22.84,1.0,N,79.0,156.0,1.0,61.5,0.5,0.5,11.63,12.24,0.3,89.17,2.5
1.0,"2019-08-11 05:03:49.000000","2019-08-11 05:45:17.000000",2.0,23.8,1.0,N,129.0,156.0,1.0,67.5,0.5,0.5,0.0,12.24,0.3,81.04,0.0
1.0,"2019-08-11 15:04:53.000000","2019-08-11 16:02:13.000000",1.0,35.7,4.0,N,132.0,265.0,1.0,135.0,0.0,0.5,15.0,6.12,0.3,156.92,0.0
2.0,"2019-08-11 16:50:10.000000","2019-08-11 17:54:06.000000",2.0,52.62,1.0,N,138.0,265.0,1.0,135.5,0.0,0.5,20.0,0.0,0.3,156.3,0.0
1.0,"2019-08-11 17:15:09.000000","2019-08-11 17:46:14.000000",1.0,14.0,5.0,N,142.0,265.0,1.0,120.0,0.0,0.0,26.15,10.5,0.3,156.95,0.0
2.0,"2019-08-11 18:14:47.000000","2019-08-11 20:10:05.000000",1.0,41.71,5.0,N,132.0,265.0,1.0,156.25,0.0,0.0,36.61,24.0,0.3,219.66,2.5
2.0,"2019-08-11 18:28:01.000000","2019-08-11 19:40:19.000000",1.0,25.56,5.0,N,132.0,265.0,1.0,120.0,0.0,0.0,15.0,18.62,0.3,156.42,2.5
1.0,"2019-08-11 20:18:35.000000","2019-08-11 21:20:03.000000",2.0,36.9,5.0,N,132.0,265.0,2.0,150.0,0.0,0.0,0.0,6.12,0.3,156.42,0.0
2.0,"2019-08-11 20:15:52.000000","2019-08-11 21:07:00.000000",1.0,24.84,5.0,N,219.0,265.0,2.0,150.0,0.0,0.5,0.0,6.12,0.3,156.92,0.0
2.0,"2019-08-11 21:05:05.000000","2019-08-11 21:49:19.000000",3.0,27.55,5.0,N,138.0,265.0,1.0,150.0,0.0,0.0,0.0,6.12,0.3,156.42,0.0
1.0,"2019-08-11 23:30:26.000000","2019-08-12 00:13:01.000000",2.0,29.4,5.0,N,138.0,265.0,4.0,139.99,0.0,0.0,0.0,16.62,0.3,156.91,0.0
2.0,"2019-08-12 02:04:59.000000","2019-08-12 02:44:07.000000",1.0,29.28,1.0,N,132.0,156.0,2.0,77.5,0.5,0.5,0.0,12.24,0.3,91.04,0.0
2.0,"2019-08-12 14:41:10.000000","2019-08-12 16:05:19.000000",5.0,40.34,4.0,N,132.0,265.0,2.0,156.5,0.0,0.5,0.0,6.12,0.3,163.42,0.0
1.0,"2019-08-12 18:43:08.000000","2019-08-12 19:35:14.000000",0.0,26.2,1.0,Y,138.0,156.0,4.0,70.5,1.0,0.5,0.0,12.24,0.3,84.54,0.0
1.0,"2019-08-12 20:25:17.000000","2019-08-12 21:21:12.000000",0.0,28.0,1.0,N,219.0,156.0,2.0,81.5,0.5,0.5,0.0,12.24,0.3,95.04,0.0
2.0,"2019-08-12 21:28:26.000000","2019-08-12 22:32:14.000000",4.0,27.23,1.0,N,161.0,156.0,1.0,78.5,0.5,0.5,24.25,14.7,0.3,121.25,2.5
2.0,"2019-08-12 22:52:07.000000","2019-08-12 23:28:15.000000",1.0,21.49,1.0,N,170.0,156.0,1.0,58.5,0.5,0.5,12.0,12.24,0.3,86.54,2.5
2.0,"2019-08-12 22:40:30.000000","2019-08-12 23:55:12.000000",3.0,45.04,5.0,N,132.0,265.0,1.0,130.0,0.0,0.0,3.0,22.74,0.3,156.04,0.0
2.0,"2019-08-12 22:00:27.000000","2019-08-12 22:43:44.000000",5.0,22.68,1.0,N,162.0,156.0,1.0,61.5,0.5,0.5,4.0,18.36,0.3,87.66,2.5
2.0,"2019-08-13 00:25:30.000000","2019-08-13 00:26:03.000000",3.0,0.0,5.0,N,265.0,265.0,1.0,156.0,0.0,0.0,0.0,0.0,0.3,156.3,0.0
2.0,"2019-08-13 04:22:46.000000","2019-08-13 04:50:25.000000",2.0,20.12,1.0,N,148.0,156.0,1.0,53.0,0.5,0.5,15.03,18.36,0.3,90.19,2.5
1.0,"2019-08-13 09:52:02.000000","2019-08-13 10:30:02.000000",1.0,27.6,5.0,N,132.0,156.0,1.0,110.0,0.0,0.0,0.0,0.0,0.3,110.3,0.0
2.0,"2019-08-13 10:34:57.000000","2019-08-13 11:28:12.000000",1.0,27.93,1.0,N,132.0,156.0,2.0,74.0,0.0,0.5,0.0,0.0,0.3,74.8,0.0
2.0,"2019-08-13 12:54:49.000000","2019-08-13 13:40:37.000000",1.0,28.48,5.0,N,238.0,265.0,1.0,145.0,0.0,0.5,0.01,10.5,0.3,156.31,0.0
2.0,"2019-08-13 15:50:15.000000","2019-08-13 16:49:13.000000",5.0,30.77,5.0,N,129.0,265.0,1.0,156.0,0.0,0.5,31.36,0.0,0.3,188.16,0.0
2.0,"2019-08-13 17:28:12.000000","2019-08-13 17:28:25.000000",1.0,0.0,5.0,N,265.0,265.0,1.0,156.0,0.0,0.5,0.0,6.12,0.3,162.92,0.0
2.0,"2019-08-13 18:29:51.000000","2019-08-13 19:36:56.000000",3.0,34.89,3.0,N,186.0,161.0,1.0,112.0,1.0,0.0,26.16,17.5,0.3,156.96,0.0
1.0,"2019-08-13 19:20:12.000000","2019-08-13 19:20:42.000000",3.0,0.0,5.0,N,265.0,265.0,1.0,130.0,0.0,0.0,26.05,0.0,0.3,156.35,0.0
2.0,"2019-08-13 23:05:04.000000","2019-08-13 23:46:41.000000",5.0,20.91,1.0,N,68.0,156.0,1.0,59.0,0.5,0.5,6.0,12.24,0.3,81.04,2.5
1.0,"2019-08-13 23:20:57.000000","2019-08-14 00:19:46.000000",1.0,37.6,5.0,N,132.0,265.0,2.0,140.0,0.0,0.0,0.0,16.62,0.3,156.92,0.0
1.0,"2019-08-14 00:44:08.000000","2019-08-14 01:21:51.000000",1.0,28.0,1.0,N,132.0,156.0,3.0,74.5,0.5,0.5,0.0,12.24,0.3,88.04,0.0
1.0,"2019-08-14 16:35:34.000000","2019-08-14 17:22:40.000000",1.0,16.0,1.0,N,88.0,156.0,1.0,50.5,3.5,0.5,10.0,18.36,0.3,83.16,2.5
2.0,"2019-08-14 16:12:04.000000","2019-08-14 18:04:18.000000",6.0,27.98,3.0,N,157.0,1.0,1.0,110.5,1.0,0.0,20.0,24.62,0.3,156.42,0.0
2.0,"2019-08-14 21:36:11.000000","2019-08-14 22:19:58.000000",5.0,28.44,1.0,N,132.0,156.0,1.0,75.5,0.5,0.5,17.81,12.24,0.3,106.85,0.0
1.0,"2019-08-14 22:23:42.000000","2019-08-14 23:12:55.000000",4.0,21.7,1.0,N,107.0,156.0,1.0,64.5,3.0,0.5,12.0,12.24,0.3,92.54,2.5
2.0,"2019-08-14 23:08:05.000000","2019-08-14 23:42:00.000000",1.0,19.58,1.0,N,68.0,156.0,1.0,54.5,0.5,0.5,6.0,18.36,0.3,82.66,2.5
2.0,"2019-08-15 00:01:45.000000","2019-08-15 02:01:26.000000",2.0,46.59,1.0,N,132.0,163.0,2.0,147.0,0.5,0.5,0.0,6.12,0.3,156.92,2.5
2.0,"2019-08-15 00:33:27.000000","2019-08-15 00:34:47.000000",2.0,0.0,5.0,N,265.0,265.0,1.0,130.0,0.0,0.0,10.0,16.62,0.3,156.92,0.0
2.0,"2019-08-15 07:20:01.000000","2019-08-15 08:03:59.000000",2.0,29.64,5.0,N,10.0,265.0,1.0,140.0,0.0,0.5,10.0,6.12,0.3,156.92,0.0
2.0,"2019-08-15 08:45:35.000000","2019-08-15 09:30:50.000000",1.0,25.55,3.0,N,209.0,1.0,1.0,86.5,0.0,0.0,26.03,43.36,0.3,156.19,0.0
1.0,"2019-08-15 09:09:58.000000","2019-08-15 10:11:11.000000",4.0,23.0,1.0,N,50.0,156.0,2.0,69.0,2.5,0.5,0.0,12.24,0.3,84.54,2.5
2.0,"2019-08-15 12:24:24.000000","2019-08-15 13:43:49.000000",1.0,31.99,5.0,N,132.0,265.0,1.0,135.0,0.0,0.0,0.0,18.62,0.3,156.42,2.5
2.0,"2019-08-15 13:15:36.000000","2019-08-15 14:00:29.000000",1.0,22.76,1.0,N,186.0,156.0,1.0,63.0,0.0,0.5,0.0,24.54,0.3,88.34,0.0
2.0,"2019-08-15 15:04:18.000000","2019-08-15 15:45:42.000000",1.0,9.96,5.0,N,194.0,265.0,1.0,108.5,0.0,0.0,31.36,16.62,0.3,156.78,0.0
2.0,"2019-08-15 23:07:32.000000","2019-08-16 00:05:32.000000",1.0,23.11,1.0,N,170.0,156.0,1.0,68.0,0.5,0.5,0.58,12.24,0.3,84.62,2.5
2.0,"2019-08-16 00:11:49.000000","2019-08-16 00:12:01.000000",1.0,0.0,5.0,N,156.0,156.0,1.0,12.22,0.0,0.0,0.0,0.0,0.3,12.52,0.0
2.0,"2019-08-16 03:02:22.000000","2019-08-16 03:39:53.000000",1.0,27.4,5.0,N,132.0,265.0,1.0,150.0,0.0,0.5,0.0,6.12,0.3,156.92,0.0
1.0,"2019-08-16 13:01:20.000000","2019-08-16 14:16:31.000000",1.0,0.0,1.0,N,107.0,156.0,1.0,53.2,0.0,0.5,0.0,0.0,0.3,54.0,0.0
2.0,"2019-08-16 13:00:30.000000","2019-08-16 15:04:24.000000",1.0,44.83,5.0,N,132.0,265.0,2.0,150.0,0.0,0.5,0.0,6.12,0.3,156.92,0.0
2.0,"2019-08-16 17:45:42.000000","2019-08-16 18:53:18.000000",1.0,35.52,4.0,N,132.0,265.0,2.0,155.0,1.0,0.5,0.0,0.0,0.3,156.8,0.0
2.0,"2019-08-16 18:39:17.000000","2019-08-16 20:06:11.000000",1.0,35.55,5.0,N,132.0,265.0,2.0,137.2,0.0,0.5,0.0,18.62,0.3,156.62,0.0
2.0,"2019-08-16 20:36:23.000000","2019-08-16 22:25:51.000000",1.0,57.48,5.0,N,161.0,265.0,1.0,150.0,0.0,0.5,3.0,0.0,0.3,156.3,2.5
2.0,"2019-08-16 22:22:59.000000","2019-08-16 23:12:56.000000",1.0,23.96,1.0,N,88.0,156.0,1.0,66.5,0.5,0.5,16.51,12.24,0.3,99.05,2.5
1.0,"2019-08-17 00:29:00.000000","2019-08-17 01:01:36.000000",1.0,26.9,1.0,N,132.0,156.0,1.0,71.0,0.5,0.5,0.0,12.24,0.3,84.54,0.0
2.0,"2019-08-17 01:04:35.000000","2019-08-17 01:42:28.000000",1.0,25.79,5.0,N,138.0,265.0,2.0,150.0,0.0,0.5,0.0,6.12,0.3,156.92,0.0
2.0,"2019-08-17 11:56:16.000000","2019-08-17 12:54:28.000000",1.0,32.12,3.0,N,161.0,1.0,1.0,104.0,0.0,0.0,26.14,26.4,0.3,156.84,0.0
1.0,"2019-08-17 17:59:52.000000","2019-08-17 18:14:22.000000",1.0,2.7,1.0,N,125.0,265.0,1.0,11.0,2.5,0.5,130.0,12.5,0.3,156.8,2.5
2.0,"2019-08-18 01:02:43.000000","2019-08-18 01:37:48.000000",1.0,0.0,1.0,N,236.0,156.0,1.0,20.0,0.5,0.5,12.0,12.24,0.3,48.04,2.5
2.0,"2019-08-18 02:36:51.000000","2019-08-18 02:36:55.000000",1.0,0.0,5.0,N,265.0,265.0,1.0,129.99,0.0,0.5,26.16,0.0,0.3,156.95,0.0
2.0,"2019-08-19 06:56:18.000000","2019-08-19 06:56:54.000000",3.0,0.0,5.0,N,265.0,265.0,1.0,130.0,0.0,0.0,26.06,0.0,0.3,156.36,0.0
2.0,"2019-08-19 07:20:26.000000","2019-08-19 07:49:55.000000",4.0,17.55,5.0,N,163.0,1.0,1.0,110.0,0.0,0.5,26.06,17.02,0.3,156.38,2.5
2.0,"2019-08-19 11:48:22.000000","2019-08-19 12:14:47.000000",1.0,1.78,1.0,N,234.0,156.0,1.0,16.5,0.0,0.5,3.96,0.0,0.3,23.76,2.5
1.0,"2019-08-19 15:15:34.000000","2019-08-19 16:47:22.000000",3.0,57.7,5.0,N,132.0,265.0,2.0,150.0,0.0,0.0,0.0,6.12,0.3,156.42,0.0
2.0,"2019-08-19 22:35:54.000000","2019-08-19 23:10:16.000000",1.0,21.84,1.0,N,170.0,156.0,1.0,58.0,0.5,0.5,12.0,12.24,0.3,86.04,2.5
1.0,"2019-08-20 05:52:54.000000","2019-08-20 06:28:40.000000",1.0,18.3,5.0,N,231.0,265.0,1.0,120.0,0.0,0.0,26.15,10.5,0.3,156.95,0.0
2.0,"2019-08-20 18:56:55.000000","2019-08-20 19:41:41.000000",1.0,20.82,1.0,N,48.0,156.0,1.0,60.0,1.0,0.5,16.53,18.36,0.3,99.19,2.5
1.0,"2019-08-20 19:51:05.000000","2019-08-20 20:29:37.000000",1.0,22.2,1.0,N,229.0,156.0,1.0,59.0,3.5,0.5,16.3,18.36,0.3,97.96,2.5
1.0,"2019-08-20 22:39:26.000000","2019-08-20 22:40:10.000000",1.0,12.3,5.0,N,265.0,265.0,1.0,130.5,0.0,0.0,26.15,0.0,0.3,156.95,0.0
2.0,"2019-08-21 00:01:26.000000","2019-08-21 00:44:20.000000",1.0,22.55,1.0,N,137.0,156.0,1.0,64.0,0.5,0.5,12.0,12.24,0.3,92.04,2.5
2.0,"2019-08-21 00:37:00.000000","2019-08-21 00:37:04.000000",1.0,0.0,5.0,N,265.0,265.0,1.0,156.0,0.0,0.5,39.2,0.0,0.3,196.0,0.0
2.0,"2019-08-21 13:34:39.000000","2019-08-21 14:21:59.000000",1.0,33.36,4.0,N,132.0,265.0,2.0,156.0,0.0,0.5,0.0,0.0,0.3,156.8,0.0
1.0,"2019-08-21 15:33:41.000000","2019-08-21 15:33:48.000000",1.0,0.1,1.0,N,156.0,156.0,3.0,2.5,0.0,0.5,0.0,0.0,0.3,3.3,0.0
2.0,"2019-08-21 16:18:32.000000","2019-08-21 17:04:41.000000",1.0,15.92,5.0,N,138.0,265.0,1.0,125.0,0.0,0.0,31.32,0.0,0.3,156.62,0.0
2.0,"2019-08-21 16:12:10.000000","2019-08-21 17:32:50.000000",1.0,22.39,5.0,N,132.0,265.0,1.0,110.0,0.0,0.0,31.32,12.5,0.3,156.62,2.5
2.0,"2019-08-21 16:04:11.000000","2019-08-21 17:08:39.000000",2.0,29.22,1.0,N,132.0,156.0,1.0,79.5,1.0,0.5,28.89,15.0,0.3,125.19,0.0
2.0,"2019-08-22 00:06:45.000000","2019-08-22 00:54:19.000000",1.0,22.13,1.0,N,170.0,156.0,1.0,63.5,0.5,0.5,0.0,12.24,0.3,79.54,2.5
2.0,"2019-08-22 07:14:47.000000","2019-08-22 08:01:01.000000",3.0,28.05,5.0,N,132.0,265.0,1.0,156.0,0.0,0.0,26.24,18.62,0.3,201.16,0.0
2.0,"2019-08-22 18:30:14.000000","2019-08-22 19:28:39.000000",4.0,21.22,5.0,N,138.0,265.0,1.0,111.0,0.0,0.5,26.08,18.62,0.3,156.5,0.0
2.0,"2019-08-22 18:55:49.000000","2019-08-22 18:56:10.000000",1.0,0.0,5.0,N,265.0,265.0,1.0,130.0,0.0,0.0,26.06,0.0,0.3,156.36,0.0
2.0,"2019-08-22 22:55:14.000000","2019-08-22 23:06:20.000000",1.0,5.56,1.0,N,245.0,156.0,2.0,17.0,0.5,0.5,0.0,0.0,0.3,18.3,0.0
1.0,"2019-08-22 22:27:11.000000","2019-08-22 23:10:23.000000",1.0,27.4,5.0,N,114.0,265.0,1.0,120.0,0.0,0.0,26.15,10.5,0.3,156.95,0.0
2.0,"2019-08-23 01:33:08.000000","2019-08-23 02:33:34.000000",1.0,46.46,5.0,N,138.0,265.0,1.0,156.0,0.0,0.0,43.23,16.62,0.3,216.15,0.0
2.0,"2019-08-23 01:18:31.000000","2019-08-23 01:18:35.000000",2.0,0.0,5.0,N,81.0,264.0,1.0,120.0,0.0,0.0,36.09,0.0,0.3,156.39,0.0
2.0,"2019-08-23 08:54:01.000000","2019-08-23 10:28:38.000000",1.0,56.15,5.0,N,132.0,265.0,2.0,150.0,0.0,0.5,0.0,6.12,0.3,156.92,0.0
2.0,"2019-08-23 13:51:59.000000","2019-08-23 15:53:54.000000",1.0,24.0,5.0,N,132.0,265.0,1.0,120.0,0.0,0.0,26.16,10.5,0.3,156.96,0.0
2.0,"2019-08-23 14:26:51.000000","2019-08-23 15:22:21.000000",5.0,25.42,5.0,N,132.0,265.0,1.0,140.0,0.0,0.5,10.0,6.12,0.3,156.92,0.0
2.0,"2019-08-23 16:28:59.000000","2019-08-23 17:54:01.000000",1.0,28.62,1.0,N,132.0,156.0,2.0,82.0,1.0,0.5,0.0,12.24,0.3,96.04,0.0
1.0,"2019-08-23 17:05:57.000000","2019-08-23 18:28:27.000000",1.0,0.0,1.0,N,226.0,156.0,1.0,49.2,0.0,0.5,0.0,12.24,0.3,62.24,0.0
1.0,"2019-08-23 22:59:13.000000","2019-08-23 23:50:29.000000",1.0,40.6,4.0,N,132.0,265.0,1.0,156.5,0.5,0.5,5.0,9.44,0.3,172.24,0.0
2.0,"2019-08-23 23:40:03.000000","2019-08-24 00:18:54.000000",2.0,35.53,5.0,N,138.0,265.0,1.0,130.0,0.0,0.5,26.16,0.0,0.3,156.96,0.0
1.0,"2019-08-24 00:13:20.000000","2019-08-24 00:53:55.000000",1.0,33.6,1.0,N,132.0,156.0,1.0,88.0,0.5,0.5,25.35,12.24,0.3,126.89,0.0
2.0,"2019-08-24 00:43:21.000000","2019-08-24 01:26:31.000000",3.0,29.96,4.0,N,186.0,265.0,1.0,116.5,0.5,0.5,30.0,6.12,0.3,156.42,2.5
2.0,"2019-08-24 02:38:26.000000","2019-08-24 03:09:17.000000",1.0,19.86,1.0,N,79.0,156.0,1.0,54.0,0.5,0.5,10.0,12.24,0.3,80.04,2.5
2.0,"2019-08-24 04:25:52.000000","2019-08-24 04:55:44.000000",3.0,21.46,1.0,N,233.0,156.0,1.0,57.0,0.5,0.5,14.61,12.24,0.3,87.65,2.5
1.0,"2019-08-24 04:31:20.000000","2019-08-24 05:03:41.000000",1.0,8.4,5.0,N,265.0,162.0,1.0,120.0,0.0,0.0,26.15,10.5,0.3,156.95,0.0
2.0,"2019-08-24 17:11:40.000000","2019-08-24 18:03:59.000000",1.0,25.88,1.0,N,138.0,156.0,2.0,70.5,0.0,0.5,0.0,12.24,0.3,83.54,0.0
2.0,"2019-08-24 17:58:37.000000","2019-08-24 18:51:58.000000",4.0,29.11,1.0,N,132.0,156.0,1.0,77.5,0.0,0.5,27.16,12.24,0.3,117.7,0.0
2.0,"2019-08-24 18:44:57.000000","2019-08-24 19:26:48.000000",1.0,28.32,4.0,N,132.0,265.0,1.0,130.0,0.0,0.5,26.16,0.0,0.3,156.96,0.0
1.0,"2019-08-24 19:39:58.000000","2019-08-24 20:06:38.000000",1.0,16.6,1.0,N,88.0,156.0,3.0,45.5,2.5,0.5,0.0,18.36,0.3,67.16,2.5
2.0,"2019-08-25 03:19:49.000000","2019-08-25 04:06:07.000000",2.0,27.78,5.0,N,48.0,265.0,1.0,156.0,0.0,0.0,10.08,0.0,0.3,168.88,2.5
2.0,"2019-08-25 09:04:32.000000","2019-08-25 09:04:52.000000",2.0,0.0,5.0,N,264.0,264.0,1.0,156.5,0.0,0.0,20.0,0.0,0.3,176.8,0.0
2.0,"2019-08-25 12:29:44.000000","2019-08-25 12:35:25.000000",1.0,0.58,1.0,N,264.0,156.0,1.0,5.5,0.0,0.5,1.76,0.0,0.3,10.56,2.5
2.0,"2019-08-25 21:10:25.000000","2019-08-25 21:51:42.000000",1.0,22.9,5.0,N,132.0,265.0,1.0,140.0,0.0,0.5,10.0,6.12,0.3,156.92,0.0
2.0,"2019-08-26 12:24:43.000000","2019-08-26 13:25:26.000000",2.0,35.44,1.0,N,138.0,156.0,1.0,94.0,0.0,0.5,21.41,12.24,0.3,128.45,0.0
2.0,"2019-08-26 15:42:06.000000","2019-08-26 16:42:31.000000",1.0,26.67,1.0,N,132.0,156.0,1.0,73.5,0.0,0.5,6.0,12.24,0.3,92.54,0.0
1.0,"2019-08-26 17:44:39.000000","2019-08-26 17:45:04.000000",1.0,5.8,5.0,N,265.0,265.0,1.0,130.0,0.0,0.0,26.05,0.0,0.3,156.35,0.0
2.0,"2019-08-26 23:21:25.000000","2019-08-27 00:14:42.000000",1.0,20.92,1.0,N,170.0,156.0,2.0,64.0,0.5,0.5,0.0,12.24,0.3,80.04,2.5
1.0,"2019-08-26 23:48:33.000000","2019-08-27 00:50:31.000000",2.0,55.3,5.0,N,132.0,265.0,1.0,150.0,0.0,0.0,0.0,6.12,0.3,156.42,0.0
2.0,"2019-08-27 00:18:44.000000","2019-08-27 00:18:50.000000",1.0,0.0,5.0,N,156.0,156.0,2.0,80.0,0.0,0.0,0.0,0.0,0.3,80.3,0.0
2.0,"2019-08-27 00:24:10.000000","2019-08-27 00:24:13.000000",1.0,0.0,5.0,N,156.0,156.0,1.0,80.0,0.0,0.0,12.08,0.0,0.3,92.38,0.0
2.0,"2019-08-27 06:52:52.000000","2019-08-27 06:52:56.000000",1.0,0.0,5.0,N,1.0,1.0,1.0,120.0,0.0,0.0,36.09,0.0,0.3,156.39,0.0
2.0,"2019-08-27 09:31:45.000000","2019-08-27 10:27:25.000000",2.0,22.95,5.0,N,138.0,1.0,1.0,131.0,0.0,0.0,6.0,16.62,0.3,156.42,2.5
1.0,"2019-08-27 09:16:48.000000","2019-08-27 09:59:25.000000",3.0,20.4,1.0,N,50.0,156.0,2.0,57.5,2.5,0.5,0.0,18.36,0.3,79.16,2.5
1.0,"2019-08-27 11:34:34.000000","2019-08-27 12:29:43.000000",1.0,29.3,1.0,N,132.0,156.0,2.0,80.0,0.0,0.5,0.0,12.24,0.3,93.04,0.0
2.0,"2019-08-27 14:22:16.000000","2019-08-27 15:17:20.000000",2.0,31.37,5.0,N,138.0,1.0,1.0,135.0,0.0,0.0,5.0,16.62,0.3,156.92,0.0
2.0,"2019-08-27 17:28:46.000000","2019-08-27 18:26:06.000000",1.0,25.49,5.0,N,138.0,265.0,1.0,156.25,0.0,0.0,15.0,0.0,0.3,171.55,0.0
2.0,"2019-08-27 19:25:21.000000","2019-08-27 19:32:37.000000",1.0,0.91,1.0,N,158.0,156.0,2.0,6.5,1.0,0.5,0.0,0.0,0.3,8.3,0.0
2.0,"2019-08-28 13:29:17.000000","2019-08-28 14:44:48.000000",2.0,45.65,4.0,N,132.0,265.0,1.0,156.0,0.0,0.5,0.0,30.74,0.3,187.54,0.0
2.0,"2019-08-28 18:32:46.000000","2019-08-28 18:32:50.000000",1.0,0.0,5.0,N,264.0,264.0,1.0,130.0,0.0,0.0,26.06,0.0,0.3,156.36,0.0
1.0,"2019-08-28 20:29:00.000000","2019-08-28 22:51:49.000000",1.0,50.0,1.0,N,179.0,72.0,4.0,155.0,0.5,0.5,0.0,0.0,0.3,156.3,0.0
2.0,"2019-08-28 22:11:37.000000","2019-08-28 23:06:40.000000",1.0,21.88,1.0,N,170.0,156.0,1.0,65.5,0.5,0.5,12.08,12.24,0.3,93.62,2.5
1.0,"2019-08-28 23:21:18.000000","2019-08-28 23:59:28.000000",1.0,24.3,5.0,N,138.0,265.0,2.0,140.0,0.0,0.0,0.0,16.62,0.3,156.92,0.0
2.0,"2019-08-29 10:29:47.000000","2019-08-29 11:01:47.000000",1.0,12.2,1.0,N,26.0,156.0,1.0,37.5,0.0,0.5,0.0,10.5,0.3,48.8,0.0
2.0,"2019-08-29 10:34:23.000000","2019-08-29 11:32:55.000000",1.0,29.14,1.0,N,132.0,156.0,1.0,79.5,0.0,0.5,5.0,12.24,0.3,97.54,0.0
2.0,"2019-08-29 20:22:11.000000","2019-08-29 21:19:38.000000",1.0,24.23,5.0,N,138.0,265.0,1.0,150.0,0.0,0.0,0.0,6.12,0.3,156.42,0.0
2.0,"2019-08-29 21:33:22.000000","2019-08-29 22:29:08.000000",2.0,35.2,5.0,N,223.0,265.0,2.0,150.0,0.0,0.0,0.0,6.12,0.3,156.42,0.0
2.0,"2019-08-29 23:24:16.000000","2019-08-30 00:42:12.000000",3.0,26.66,5.0,N,138.0,265.0,2.0,143.0,2.5,0.5,0.0,10.5,0.3,156.8,0.0
1.0,"2019-08-30 01:12:08.000000","2019-08-30 01:36:09.000000",1.0,13.8,5.0,N,113.0,265.0,1.0,120.0,0.0,0.0,26.15,10.5,0.3,156.95,0.0
2.0,"2019-08-30 05:11:07.000000","2019-08-30 05:53:19.000000",1.0,21.19,1.0,N,246.0,156.0,1.0,59.0,0.5,0.5,16.23,18.36,0.3,99.34,2.5
2.0,"2019-08-30 10:17:35.000000","2019-08-30 10:56:38.000000",2.0,18.07,1.0,N,231.0,156.0,2.0,52.5,0.0,0.5,0.0,18.36,0.3,74.16,2.5
2.0,"2019-08-30 13:39:27.000000","2019-08-30 14:53:26.000000",6.0,27.87,1.0,N,132.0,156.0,1.0,77.0,0.0,0.5,0.0,12.24,0.3,90.04,0.0
1.0,"2019-08-30 15:50:32.000000","2019-08-30 17:17:07.000000",2.0,30.4,3.0,N,164.0,1.0,1.0,105.0,0.0,0.0,26.0,24.74,0.3,156.04,0.0
2.0,"2019-08-30 16:45:41.000000","2019-08-30 17:57:05.000000",2.0,29.2,5.0,N,132.0,265.0,1.0,150.0,0.0,0.5,0.0,6.12,0.3,156.92,0.0
1.0,"2019-08-30 18:57:42.000000","2019-08-30 18:58:11.000000",1.0,0.0,5.0,N,265.0,265.0,1.0,156.12,0.0,0.0,25.0,0.0,0.3,181.42,0.0
2.0,"2019-08-30 20:17:51.000000","2019-08-30 21:08:20.000000",1.0,33.71,5.0,N,138.0,265.0,1.0,130.0,0.0,0.5,20.0,6.12,0.3,156.92,0.0
2.0,"2019-08-30 22:25:22.000000","2019-08-30 23:09:41.000000",1.0,28.77,1.0,N,132.0,156.0,2.0,75.0,0.5,0.5,0.0,12.24,0.3,88.54,0.0
1.0,"2019-08-31 12:16:45.000000","2019-08-31 13:54:53.000000",1.0,40.6,1.0,N,163.0,265.0,1.0,113.0,2.5,0.5,40.0,0.0,0.3,156.3,2.5
1.0,"2019-08-31 16:35:55.000000","2019-08-31 17:35:11.000000",1.0,31.5,4.0,N,138.0,265.0,1.0,135.5,0.0,0.5,20.0,0.0,0.3,156.3,0.0
1.0,"2019-08-31 16:36:15.000000","2019-08-31 17:29:34.000000",1.0,0.0,1.0,N,248.0,156.0,1.0,67.2,0.0,0.5,0.0,25.0,0.3,93.0,0.0
1.0,"2019-08-31 16:59:32.000000","2019-08-31 17:50:07.000000",1.0,29.1,1.0,N,132.0,156.0,2.0,77.5,0.0,0.5,0.0,12.24,0.3,90.54,0.0
2.0,"2019-08-31 18:43:04.000000","2019-08-31 19:52:53.000000",1.0,30.85,1.0,N,28.0,156.0,2.0,88.5,0.0,0.5,0.0,12.24,0.3,101.54,0.0
1.0,"2019-08-31 19:06:08.000000","2019-08-31 19:20:12.000000",1.0,0.0,1.0,N,265.0,156.0,1.0,67.2,0.0,0.5,0.0,0.0,0.3,68.0,0.0
2.0,"2019-08-31 21:41:19.000000","2019-08-31 22:19:10.000000",1.0,26.97,5.0,N,68.0,265.0,1.0,156.25,0.0,0.5,0.0,10.5,0.3,170.05,2.5
,"2019-08-04 13:14:00.000000","2019-08-04 13:58:00.000000",,32.1,,,166.0,156.0,,69.95,2.75,0.5,0.0,30.5,0.3,104.0,0.0
,"2019-08-06 14:49:00.000000","2019-08-06 15:38:00.000000",,24.27,,,237.0,156.0,,61.59,2.75,0.5,0.0,18.36,0.3,83.5,0.0
,"2019-08-10 14:05:00.000000","2019-08-10 15:16:00.000000",,32.22,,,78.0,156.0,,81.47,2.75,0.5,0.0,24.48,0.3,109.5,0.0
,"2019-08-10 19:07:44.000000","2019-08-10 19:49:32.000000",,30.59,,,166.0,156.0,,69.83,2.75,0.0,0.0,31.12,0.3,104.0,0.0
,"2019-08-11 07:09:00.000000","2019-08-11 07:39:00.000000",,18.72,,,65.0,156.0,,57.71,2.75,0.5,0.0,12.24,0.3,73.5,0.0
,"2019-08-19 13:52:00.000000","2019-08-19 14:46:00.000000",,27.88,,,166.0,156.0,,76.71,2.75,0.5,0.0,23.74,0.3,104.0,0.0
,"2019-08-21 17:17:00.000000","2019-08-21 17:50:00.000000",,12.18,,,67.0,156.0,,36.11,2.75,0.5,0.0,12.24,0.3,51.9,0.0
,"2019-08-25 03:51:00.000000","2019-08-25 04:18:00.000000",,19.35,,,91.0,156.0,,57.71,2.75,0.5,0.0,12.24,0.3,73.5,0.0
,"2019-08-30 12:45:00.000000","2019-08-30 13:56:00.000000",,24.31,,,229.0,156.0,,70.21,2.75,0.5,0.0,12.24,0.3,86.0,0.0
,"2019-08-30 17:30:00.000000","2019-08-30 18:13:00.000000",,12.75,,,67.0,156.0,,48.35,2.75,0.5,0.0,0.0,0.3,51.9,0.0
