Q1) vender ID 2
2.0,"2019-11-01 00:41:59.000000","2019-11-01 00:42:23.000000",1.0,0.0,1.0,N,193.0,193.0,1.0,2.5,0.5,0.5,0.95,0.0,0.3,4.75,0.0
2.0,"2019-11-01 00:02:39.000000","2019-11-01 00:02:51.000000",1.0,0.0,1.0,N,193.0,193.0,1.0,2.5,0.5,0.5,0.95,0.0,0.3,4.75,0.0
2.0,"2019-11-01 00:18:30.000000","2019-11-01 00:18:39.000000",2.0,0.0,1.0,N,226.0,226.0,2.0,2.5,0.0,0.5,0.0,0.0,0.3,3.3,0.0
2.0,"2019-11-01 00:13:59.000000","2019-11-01 00:17:32.000000",1.0,0.89,1.0,N,233.0,229.0,1.0,5.0,0.5,0.5,1.0,0.0,0.3,9.8,2.5
2.0,"2019-11-01 00:23:34.000000","2019-11-01 00:44:39.000000",1.0,5.39,1.0,N,152.0,220.0,2.0,19.5,0.5,0.5,0.0,0.0,0.3,20.8,0.0
2.0,"2019-11-01 00:49:12.000000","2019-11-01 01:07:38.000000",1.0,3.24,1.0,N,24.0,262.0,1.0,14.5,0.5,0.5,2.74,0.0,0.3,21.04,2.5
2.0,"2019-11-01 00:18:29.000000","2019-11-01 00:40:37.000000",1.0,4.75,1.0,N,125.0,112.0,1.0,19.5,0.5,0.5,5.82,0.0,0.3,29.12,2.5
2.0,"2019-11-01 00:10:40.000000","2019-11-01 00:23:30.000000",1.0,3.41,1.0,N,164.0,236.0,1.0,12.0,0.5,0.5,3.16,0.0,0.3,18.96,2.5
2.0,"2019-11-01 00:42:10.000000","2019-11-01 01:05:53.000000",4.0,4.15,1.0,N,50.0,114.0,1.0,17.5,0.5,0.5,4.26,0.0,0.3,25.56,2.5
2.0,"2019-11-01 00:25:33.000000","2019-11-01 00:34:24.000000",1.0,0.94,1.0,N,148.0,107.0,1.0,7.0,0.5,0.5,2.0,0.0,0.3,12.8,2.5
Q2) no seperators
vendorid,tpep_pickup_datetime,tpep_dropoff_datetime,passenger_count,trip_distance,ratecodeid,store_and_fwd_flag,pulocationid,dolocationid,payment_type,fare_amount,extra,mta_tax,tip_amount,tolls_amount,improvement_surcharge,total_amount,congestion_surcharge
1.0,20191101 003041.000000,20191101 003225.000000,1.0,0.0,1.0,N,145.0,145.0,2.0,3.0,0.5,0.5,0.0,0.0,0.3,4.3,0.0
1.0,20191101 003401.000000,20191101 003409.000000,1.0,0.0,1.0,N,145.0,145.0,2.0,2.5,0.5,0.5,0.0,0.0,0.3,3.8,0.0
2.0,20191101 004159.000000,20191101 004223.000000,1.0,0.0,1.0,N,193.0,193.0,1.0,2.5,0.5,0.5,0.95,0.0,0.3,4.75,0.0
2.0,20191101 000239.000000,20191101 000251.000000,1.0,0.0,1.0,N,193.0,193.0,1.0,2.5,0.5,0.5,0.95,0.0,0.3,4.75,0.0
2.0,20191101 001830.000000,20191101 001839.000000,2.0,0.0,1.0,N,226.0,226.0,2.0,2.5,0.0,0.5,0.0,0.0,0.3,3.3,0.0
1.0,20191101 003548.000000,20191101 011312.000000,1.0,8.5,1.0,N,138.0,161.0,1.0,32.0,3.0,0.5,8.35,6.12,0.3,50.27,2.5
1.0,20191101 000259.000000,20191101 000526.000000,1.0,0.3,1.0,N,239.0,142.0,2.0,3.5,3.0,0.5,0.0,0.0,0.3,7.3,2.5
1.0,20191101 001143.000000,20191101 001943.000000,1.0,1.9,1.0,N,142.0,262.0,2.0,8.5,3.0,0.5,0.0,0.0,0.3,12.3,2.5
1.0,20191101 001134.000000,20191101 001802.000000,1.0,0.5,1.0,N,246.0,186.0,2.0,5.5,3.0,0.5,0.0,0.0,0.3,9.3,2.5
Q3) no fraction

vendorid,tpep_pickup_datetime,tpep_dropoff_datetime,passenger_count,trip_distance,ratecodeid,store_and_fwd_flag,pulocationid,dolocationid,payment_type,fare_amount,extra,mta_tax,tip_amount,tolls_amount,improvement_surcharge,total_amount,congestion_surcharge
1,20191101 003041,20191101 003225,1,0,1,N,145,145,2,3,0,0,0,0,0,4,0
1,20191101 003401,20191101 003409,1,0,1,N,145,145,2,2,0,0,0,0,0,3,0
2,20191101 004159,20191101 004223,1,0,1,N,193,193,1,2,0,0,0,0,0,4,0
2,20191101 000239,20191101 000251,1,0,1,N,193,193,1,2,0,0,0,0,0,4,0
2,20191101 001830,20191101 001839,2,0,1,N,226,226,2,2,0,0,0,0,0,3,0
1,20191101 003548,20191101 011312,1,8,1,N,138,161,1,32,3,0,8,6,0,50,2
1,20191101 000259,20191101 000526,1,0,1,N,239,142,2,3,3,0,0,0,0,7,2
1,20191101 001143,20191101 001943,1,1,1,N,142,262,2,8,3,0,0,0,0,12,2
1,20191101 001134,20191101 001802,1,0,1,N,246,186,2,5,3,0,0,0,0,9,2
