   8414 0.0
   1720 10.0
    924 5.0
    618 15.0
    282 8.0
    282 20.0
    253 12.0
    189 7.0
    132 2.0
    122 1.0
     98 16.66
     96 3.0
     87 17.16
     86 14.0
     84 14.76
     84 13.0
     82 15.76
     82 15.66
     81 9.0
     80 6.0
     80 16.16
     78 12.66
     77 4.0
     77 15.86
     75 16.46
     74 15.16
     71 17.36
     71 16.86
     71 15.06
     71 11.0
     69 17.26
     69 16.76
     68 16.26
     68 16.06
     67 17.56
     67 16.56
     66 16.36
     66 15.46
     64 17.46
     64 16.96
     64 15.96
     64 13.16
     63 17.06
     62 18.16
     62 16.0
     62 14.96
     61 17.86
     61 14.66
     60 17.66
     58 18.46
     58 17.76
     58 15.56
     57 18.26
     56 25.0
     56 14.46
     56 13.66
     55 18.66
     54 13.15
     53 13.96
     53 13.51
     53 12.76
     52 15.26
     52 14.86
     51 19.06
     51 18.06
     51 17.96
     50 18.36
     49 15.36
     49 14.56
     49 13.56
     48 18.0
     48 14.26
     47 14.06
     45 13.76
     44 30.0
     44 18.56
     44 17.15
     44 16.75
     44 15.95
     44 14.16
     43 19.66
     43 13.55
     42 13.06
     41 18.96
     41 17.65
     40 17.75
     40 16.55
     39 18.76
     39 16.45
     39 15.75
     39 14.36
     39 11.66
     38 19.16
     38 17.05
     38 16.85
     38 13.5
     37 18.15
     37 16.25
     37 15.35
     36 13.46
     35 18.86
     35 17.35
     35 16.05
     35 15.55
     35 13.86
     34 19.56
     34 19.46
     34 17.45
     34 16.95
     34 12.15
     33 19.36
     33 18.55
     33 15.15
     33 13.26
     33 13.18
     32 16.15
     32 15.82
     32 14.15
     32 0.01
     31 17.55
     31 15.05
     30 19.26
     30 17.95
     30 16.35
     30 13.36
     30 11.76
     29 19.86
     29 17.85
     29 14.95
     29 14.45
     29 0.1
     28 19.95
     28 19.15
     28 16.65
     27 21.16
     27 20.95
     27 18.45
     27 11.15
     26 21.56
     26 20.7
     26 18.25
     26 14.35
     25 40.0
     25 21.06
     25 18.85
     25 18.35
     25 17.25
     25 17.0
     25 15.65
     24 20.45
     24 20.16
     24 19.76
     24 19.65
     24 19.55
     24 15.45
     24 13.05
     24 10.66
     23 21.66
     23 20.36
     23 20.06
     23 19.45
     23 18.05
     23 17.7
     23 15.85
     23 15.25
     23 14.55
     22 22.0
     22 20.26
     22 20.2
     22 14.65
     21 23.45
     21 20.66
     21 19.05
     21 16.2
     21 14.75
     21 14.05
     21 13.45
     21 12.5
     20 21.7
     20 20.76
     20 20.08
     20 19.32
     20 18.95
     20 18.65
     20 18.2
     20 17.82
     20 13.25
     19 5.55
     19 22.82
     19 21.45
     19 21.32
     19 20.86
     19 20.58
     19 20.56
     19 20.32
     19 19.7
     19 17.8
     18 22.76
     18 22.45
     18 21.95
     18 21.2
     18 20.55
     18 20.15
     18 19.2
     18 15.2
     18 14.7
     18 12.95
     17 35.0
     17 22.16
     17 22.06
     17 20.96
     17 20.82
     17 19.96
     17 19.82
     17 16.7
     17 16.4
     17 13.95
     17 10.76
     17 10.15
     17 0.08
     16 5.5
     16 50.0
     16 22.55
     16 21.82
     16 19.75
     16 18.08
     16 14.85
     16 14.41
     16 13.65
     16 12.55
     16 10.08
     15 23.32
     15 23.06
     15 22.66
     15 21.4
     15 20.46
     15 20.05
     15 19.25
     15 18.82
     15 18.75
     15 18.7
     15 13.85
     15 12.06
     15 11.06
     15 0.15
     14 7.7
     14 7.5
     14 22.7
     14 22.08
     14 21.86
     14 21.58
     14 21.36
     14 21.08
     14 20.9
     14 20.4
     14 17.58
     14 17.32
     14 17.08
     14 16.88
     14 16.6
     14 15.5
     14 14.25
     14 12.96
     14 12.65
     13 7.2
     13 6.5
     13 23.16
     13 22.2
     13 20.75
     13 20.3
     13 13.75
     13 13.01
     13 0.02
     12 22.46
     12 22.32
     12 21.96
     12 21.76
     12 21.65
     12 21.46
     12 21.15
     12 19.9
     12 19.85
     12 19.35
     12 18.9
     12 18.58
     12 16.48
     12 15.8
     12 12.8
     12 12.26
     12 11.16
     11 9.76
     11 8.08
     11 27.2
     11 23.64
     11 23.15
     11 22.15
     11 21.8
     11 20.8
     11 19.08
     11 18.8
     11 18.4
     11 17.4
     11 17.2
     11 13.28
     11 13.1
     11 12.86
     11 12.56
     11 12.2
     11 11.9
     11 10.8
     11 10.26
     10 25.14
     10 24.66
     10 24.24
     10 24.2
     10 24.15
     10 23.58
     10 23.26
     10 22.36
     10 22.05
     10 21.9
     10 21.26
     10 19.0
     10 18.42
     10 17.98
     10 17.5
     10 17.48
     10 16.38
     10 16.3
     10 16.08
     10 15.7
     10 14.4
     10 12.16
     10 10.16
     10 10.1
      9 9.46
      9 9.2
      9 8.76
      9 8.7
      9 6.7
      9 26.0
      9 2.5
      9 24.0
      9 23.0
      9 22.95
      9 22.86
      9 22.75
      9 22.65
      9 21.35
      9 21.05
      9 20.85
      9 20.65
      9 19.8
      9 19.3
      9 18.14
      9 18.01
      9 17.9
      9 17.6
      9 17.11
      9 16.9
      9 16.82
      9 16.8
      9 16.68
      9 16.01
      9 15.9
      9 15.08
      9 13.2
      9 11.6
      9 11.11
      9 10.7
      9 0.05
      8 9.26
      8 8.5
      8 8.2
      8 7.86
      8 5.2
      8 28.45
      8 27.16
      8 27.06
      8 26.66
      8 25.45
      8 25.15
      8 24.95
      8 24.28
      8 24.06
      8 23.95
      8 22.59
      8 21.3
      8 20.35
      8 19.58
      8 19.14
      8 18.99
      8 18.98
      8 18.32
      8 18.11
      8 17.64
      8 17.61
      8 17.12
      8 16.41
      8 16.02
      8 13.35
      8 12.72
      8 12.12
      8 11.55
      8 11.1
      8 10.06
      8 0.8
      7 9.86
      7 8.96
      7 8.66
      7 8.56
      7 8.26
      7 8.1
      7 6.6
      7 4.7
      7 32.66
      7 27.05
      7 26.94
      7 26.76
      7 26.75
      7 26.3
      7 26.16
      7 26.15
      7 25.66
      7 24.7
      7 23.76
      7 23.66
      7 23.56
      7 23.36
      7 23.25
      7 23.08
      7 22.74
      7 22.4
      7 22.38
      7 22.3
      7 22.25
      7 22.14
      7 21.39
      7 21.0
      7 20.49
      7 20.25
      7 19.88
      7 19.4
      7 17.62
      7 17.44
      7 17.38
      7 17.3
      7 17.18
      7 17.1
      7 17.02
      7 16.89
      7 16.74
      7 16.5
      7 16.32
      7 16.31
      7 16.21
      7 16.1
      7 15.71
      7 15.6
      7 14.9
      7 14.78
      7 14.5
      7 13.47
      7 11.82
      7 11.31
      6 9.75
      6 9.66
      6 9.16
      6 8.71
      6 6.2
      6 5.8
      6 5.7
      6 32.0
      6 28.74
      6 28.14
      6 27.98
      6 27.5
      6 27.09
      6 26.45
      6 25.46
      6 25.32
      6 25.26
      6 25.2
      6 25.08
      6 24.65
      6 24.58
      6 24.45
      6 24.35
      6 24.32
      6 24.05
      6 23.82
      6 23.46
      6 23.34
      6 23.2
      6 22.96
      6 22.9
      6 22.89
      6 22.88
      6 22.58
      6 22.56
      6 22.35
      6 22.28
      6 2.2
      6 21.55
      6 21.5
      6 21.48
      6 20.88
      6 19.78
      6 19.5
      6 19.38
      6 18.88
      6 18.71
      6 18.68
      6 18.48
      6 18.3
      6 17.92
      6 17.31
      6 16.98
      6 16.92
      6 16.64
      6 16.22
      6 16.14
      6 16.13
      6 15.92
      6 15.54
      6 15.21
      6 14.61
      6 14.6
      6 14.58
      6 14.2
      6 13.32
      6 12.7
      6 12.42
      6 12.11
      6 12.01
      6 11.3
      6 11.26
      6 11.21
      6 11.2
      6 1.11
      6 11.07
      6 10.5
      6 10.3
      6 10.2
      5 9.8
      5 9.7
      5 9.25
      5 90.0
      5 8.8
      5 8.75
      5 8.36
      5 8.06
      5 7.98
      5 7.96
      5 7.88
      5 7.66
      5 7.26
      5 6.66
      5 6.58
      5 6.36
      5 6.15
      5 60.0
      5 5.88
      5 4.2
      5 33.32
      5 32.7
      5 32.16
      5 30.2
      5 29.06
      5 29.05
      5 28.0
      5 27.88
      5 27.48
      5 27.24
      5 27.0
      5 26.95
      5 26.64
      5 26.36
      5 26.19
      5 25.8
      5 25.44
      5 25.38
      5 25.35
      5 24.69
      5 24.55
      5 24.5
      5 24.46
      5 24.4
      5 24.16
      5 24.08
      5 23.94
      5 23.55
      5 23.4
      5 23.38
      5 22.85
      5 22.78
      5 21.75
      5 21.6
      5 21.24
      5 21.18
      5 20.92
      5 20.64
      5 20.57
      5 20.34
      5 20.11
      5 20.1
      5 20.04
      5 19.51
      5 18.81
      5 18.6
      5 18.38
      5 18.18
      5 17.78
      5 17.74
      5 17.68
      5 17.51
      5 17.41
      5 17.28
      5 17.24
      5 17.22
      5 17.21
      5 16.91
      5 16.78
      5 16.73
      5 16.62
      5 16.54
      5 16.52
      5 16.51
      5 16.49
      5 16.44
      5 16.43
      5 16.34
      5 15.88
      5 15.51
      5 15.43
      5 15.4
      5 15.38
      5 15.3
      5 15.11
      5 15.03
      5 15.01
      5 14.8
      5 14.44
      5 14.43
      5 14.33
      5 14.28
      5 13.17
      5 13.08
      5 12.98
      5 12.75
      5 12.71
      5 12.61
      5 12.57
      5 12.46
      5 12.45
      5 12.27
      5 12.1
      5 12.04
      5 11.97
      5 11.86
      5 11.7
      5 11.56
      5 11.44
      5 11.08
      5 10.86
      5 10.75
      5 100.0
      4 9.9
      4 9.45
      4 9.41
      4 9.36
      4 9.28
      4 9.08
      4 9.06
      4 8.93
      4 8.88
      4 8.68
      4 8.48
      4 8.38
      4 8.33
      4 7.76
      4 7.58
      4 7.48
      4 7.35
      4 7.28
      4 7.16
      4 7.08
      4 6.8
      4 6.38
      4 6.3
      4 6.26
      4 6.06
      4 5.96
      4 5.05
      4 45.0
      4 4.44
      4 3.7
      4 36.61
      4 34.38
      4 33.78
      4 31.88
      4 30.66
      4 30.08
      4 29.76
      4 29.46
      4 29.0
      4 28.89
      4 28.76
      4 28.7
      4 28.28
      4 27.76
      4 27.71
      4 27.7
      4 27.66
      4 27.36
      4 26.32
      4 26.26
      4 26.2
      4 26.08
      4 25.98
      4 25.95
      4 25.89
      4 25.74
      4 25.7
      4 25.4
      4 25.05
      4 24.99
      4 24.98
      4 24.54
      4 24.26
      4 23.9
      4 23.65
      4 23.49
      4 23.35
      4 23.05
      4 22.51
      4 22.1
      4 22.07
      4 21.98
      4 21.85
      4 21.14
      4 21.1
      4 21.07
      4 20.94
      4 20.6
      4 20.18
      4 20.07
      4 19.73
      4 19.44
      4 19.28
      4 19.22
      4 19.1
      4 18.84
      4 18.78
      4 18.72
      4 18.64
      4 18.34
      4 18.31
      4 18.28
      4 18.24
      4 18.1
      4 18.09
      4 18.04
      4 17.94
      4 17.57
      4 17.54
      4 17.34
      4 17.04
      4 1.7
      4 16.94
      4 16.79
      4 16.61
      4 16.58
      4 16.53
      4 16.42
      4 16.28
      4 15.93
      4 15.79
      4 15.63
      4 15.61
      4 15.41
      4 15.31
      4 15.23
      4 15.14
      4 15.13
      4 15.1
      4 14.91
      4 14.83
      4 14.81
      4 14.54
      4 14.53
      4 14.38
      4 14.23
      4 14.21
      4 14.11
      4 14.08
      4 13.92
      4 13.73
      4 13.71
      4 13.7
      4 13.6
      4 13.41
      4 13.24
      4 13.21
      4 13.11
      4 13.03
      4 12.91
      4 12.87
      4 12.85
      4 12.73
      4 12.68
      4 12.67
      4 12.64
      4 12.62
      4 12.54
      4 12.38
      4 12.36
      4 12.35
      4 12.08
      4 11.96
      4 11.95
      4 11.93
      4 11.75
      4 11.74
      4 11.65
      4 11.51
      4 10.91
      4 10.85
      4 10.81
      4 10.78
      4 10.62
      4 10.56
      4 10.55
      4 10.47
      4 10.46
      4 10.45
      4 10.32
      4 10.13
      4 10.11
      4 0.2
      3 9.99
      3 9.98
      3 9.88
      3 9.82
      3 9.68
      3 9.64
      3 9.55
      3 9.5
      3 9.43
      3 9.35
      3 9.23
      3 9.13
      3 9.05
      3 8.95
      3 8.9
      3 8.86
      3 8.78
      3 8.63
      3 8.53
      3 8.45
      3 8.43
      3 8.37
      3 8.35
      3 8.3
      3 8.25
      3 8.23
      3 8.18
      3 8.16
      3 7.95
      3 7.83
      3 7.78
      3 75.0
      3 7.23
      3 7.15
      3 7.06
      3 7.05
      3 6.95
      3 6.75
      3 6.65
      3 6.45
      3 5.86
      3 5.85
      3 5.58
      3 55.0
      3 5.16
      3 5.15
      3 4.96
      3 4.5
      3 3.8
      3 35.94
      3 3.46
      3 34.14
      3 33.98
      3 3.38
      3 33.48
      3 33.46
      3 33.38
      3 33.06
      3 32.55
      3 32.19
      3 32.05
      3 31.74
      3 31.46
      3 30.8
      3 30.69
      3 30.58
      3 30.46
      3 30.15
      3 29.95
      3 29.8
      3 28.95
      3 28.61
      3 28.51
      3 28.31
      3 28.26
      3 28.25
      3 28.2
      3 28.18
      3 28.16
      3 2.8
      3 27.99
      3 27.8
      3 27.32
      3 27.21
      3 27.11
      3 27.08
      3 26.85
      3 26.81
      3 26.71
      3 26.7
      3 26.6
      3 26.58
      3 26.5
      3 26.49
      3 26.05
      3 25.96
      3 25.82
      3 25.55
      3 25.48
      3 25.29
      3 25.1
      3 24.84
      3 24.39
      3 24.3
      3 24.1
      3 24.09
      3 23.96
      3 23.86
      3 23.8
      3 23.79
      3 23.78
      3 23.75
      3 23.7
      3 23.68
      3 23.6
      3 23.19
      3 23.11
      3 23.07
      3 22.8
      3 22.68
      3 22.57
      3 22.52
      3 22.29
      3 22.26
      3 2.22
      3 21.99
      3 21.88
      3 21.54
      3 21.38
      3 21.25
      3 21.01
      3 20.79
      3 20.69
      3 20.5
      3 20.48
      3 20.28
      3 20.14
      3 20.01
      3 19.74
      3 19.64
      3 19.63
      3 19.6
      3 19.59
      3 19.57
      3 19.42
      3 19.33
      3 19.21
      3 19.18
      3 19.01
      3 18.94
      3 18.74
      3 18.61
      3 18.54
      3 18.5
      3 18.44
      3 18.12
      3 17.81
      3 17.79
      3 17.52
      3 17.14
      3 17.01
      3 16.83
      3 16.71
      3 16.39
      3 16.23
      3 16.19
      3 16.11
      3 16.07
      3 16.04
      3 15.99
      3 15.98
      3 15.94
      3 15.91
      3 15.89
      3 15.83
      3 15.81
      3 15.74
      3 15.48
      3 15.44
      3 15.39
      3 15.22
      3 15.12
      3 14.74
      3 14.71
      3 14.48
      3 14.42
      3 14.31
      3 14.3
      3 14.22
      3 14.14
      3 14.1
      3 14.03
      3 13.98
      3 13.91
      3 13.9
      3 13.81
      3 13.78
      3 13.74
      3 13.54
      3 13.53
      3 13.48
      3 13.4
      3 12.94
      3 12.9
      3 12.81
      3 12.34
      3 12.31
      3 12.29
      3 12.28
      3 12.23
      3 12.05
      3 11.8
      3 11.73
      3 11.67
      3 11.61
      3 11.52
      3 11.5
      3 11.45
      3 11.38
      3 11.37
      3 11.36
      3 11.22
      3 11.12
      3 1.1
      3 10.96
      3 10.88
      3 10.84
      3 10.71
      3 10.6
      3 10.58
      3 10.41
      3 10.4
      3 10.25
      3 10.02
      3 10.01
      3 0.5
      2 9.95
      2 9.94
      2 9.87
      2 9.83
      2 9.81
      2 9.65
      2 9.61
      2 9.6
      2 9.58
      2 9.57
      2 9.56
      2 9.4
      2 9.39
      2 9.38
      2 9.31
      2 9.3
      2 9.24
      2 9.21
      2 9.18
      2 9.15
      2 9.1
      2 9.03
      2 9.01
      2 8.97
      2 8.85
      2 8.83
      2 8.82
      2 8.72
      2 8.61
      2 8.6
      2 8.58
      2 8.57
      2 8.51
      2 8.4
      2 8.32
      2 8.28
      2 8.15
      2 8.05
      2 7.91
      2 7.75
      2 7.73
      2 7.71
      2 7.65
      2 7.6
      2 7.56
      2 7.55
      2 7.53
      2 7.36
      2 7.25
      2 7.21
      2 7.13
      2 7.07
      2 7.02
      2 70.0
      2 6.98
      2 6.93
      2 6.86
      2 6.76
      2 6.68
      2 6.56
      2 65.0
      2 6.46
      2 6.43
      2 6.42
      2 6.35
      2 6.21
      2 6.16
      2 6.08
      2 60.01
      2 5.75
      2 57.0
      2 5.56
      2 55.11
      2 5.46
      2 5.33
      2 5.25
      2 5.08
      2 4.69
      2 45.39
      2 4.46
      2 4.4
      2 4.29
      2 4.1
      2 39.84
      2 39.2
      2 39.06
      2 38.95
      2 38.8
      2 38.66
      2 37.76
      2 37.38
      2 37.16
      2 37.06
      2 36.09
      2 36.0
      2 3.6
      2 35.8
      2 35.35
      2 34.6
      2 34.59
      2 34.58
      2 34.3
      2 34.1
      2 33.99
      2 33.66
      2 33.45
      2 32.95
      2 32.76
      2 32.48
      2 32.45
      2 32.34
      2 32.26
      2 32.06
      2 31.98
      2 31.7
      2 31.59
      2 31.38
      2 31.32
      2 31.26
      2 30.75
      2 30.41
      2 30.3
      2 30.28
      2 30.24
      2 30.21
      2 30.11
      2 30.05
      2 29.88
      2 29.86
      2 29.82
      2 29.78
      2 29.71
      2 29.58
      2 29.51
      2 29.5
      2 29.4
      2 29.35
      2 29.19
      2 29.15
      2 29.11
      2 29.1
      2 29.08
      2 28.98
      2 28.88
      2 28.86
      2 28.82
      2 28.78
      2 28.71
      2 28.59
      2 28.58
      2 28.41
      2 28.4
      2 28.38
      2 28.35
      2 28.32
      2 28.3
      2 28.29
      2 28.11
      2 28.08
      2 27.95
      2 27.91
      2 27.84
      2 27.78
      2 27.69
      2 27.68
      2 27.63
      2 27.57
      2 27.55
      2 27.51
      2 27.39
      2 27.38
      2 27.35
      2 27.3
      2 27.23
      2 27.14
      2 27.01
      2 2.7
      2 26.91
      2 26.9
      2 26.86
      2 26.82
      2 26.56
      2 26.55
      2 26.48
      2 26.35
      2 26.25
      2 26.18
      2 26.06
      2 26.04
      2 25.88
      2 25.76
      2 25.75
      2 25.62
      2 25.58
      2 2.55
      2 25.41
      2 25.36
      2 25.28
      2 25.18
      2 25.16
      2 25.11
      2 25.07
      2 25.06
      2 24.96
      2 24.86
      2 24.85
      2 24.82
      2 24.81
      2 24.8
      2 24.76
      2 24.75
      2 24.68
      2 24.57
      2 24.56
      2 24.48
      2 24.42
      2 24.38
      2 24.36
      2 24.11
      2 24.07
      2 23.98
      2 23.88
      2 23.73
      2 23.71
      2 23.57
      2 23.3
      2 23.18
      2 23.02
      2 23.01
      2 2.3
      2 22.94
      2 22.71
      2 22.6
      2 22.42
      2 22.41
      2 22.22
      2 22.21
      2 22.18
      2 22.12
      2 22.11
      2 21.84
      2 21.81
      2 21.78
      2 21.69
      2 21.68
      2 21.64
      2 21.61
      2 21.57
      2 21.52
      2 21.47
      2 21.28
      2 21.12
      2 21.09
      2 20.84
      2 20.78
      2 20.72
      2 20.71
      2 20.61
      2 20.51
      2 20.41
      2 20.38
      2 20.31
      2 20.24
      2 20.23
      2 20.19
      2 19.94
      2 19.92
      2 19.89
      2 19.83
      2 19.68
      2 19.67
      2 19.62
      2 19.61
      2 19.54
      2 19.48
      2 19.34
      2 19.24
      2 19.12
      2 19.11
      2 19.07
      2 19.04
      2 19.03
      2 19.02
      2 18.79
      2 18.67
      2 18.63
      2 18.57
      2 18.52
      2 18.51
      2 18.39
      2 18.29
      2 18.23
      2 18.21
      2 18.02
      2 17.91
      2 17.88
      2 17.87
      2 17.72
      2 17.49
      2 17.42
      2 17.33
      2 17.07
      2 16.99
      2 16.84
      2 16.81
      2 16.59
      2 16.18
      2 16.17
      2 16.12
      2 16.09
      2 16.03
      2 15.68
      2 15.62
      2 15.58
      2 15.32
      2 15.29
      2 15.24
      2 15.18
      2 15.09
      2 15.04
      2 14.93
      2 14.82
      2 14.73
      2 14.72
      2 14.68
      2 14.64
      2 14.52
      2 14.51
      2 14.49
      2 14.32
      2 14.19
      2 14.01
      2 13.88
      2 13.84
      2 13.8
      2 13.72
      2 13.68
      2 13.64
      2 13.62
      2 13.61
      2 13.31
      2 13.3
      2 13.23
      2 13.19
      2 13.13
      2 13.09
      2 12.99
      2 12.88
      2 12.84
      2 12.82
      2 12.63
      2 12.6
      2 12.58
      2 12.48
      2 12.44
      2 12.41
      2 12.4
      2 12.33
      2 12.3
      2 12.25
      2 12.13
      2 1.2
      2 11.88
      2 11.85
      2 11.84
      2 11.81
      2 11.63
      2 11.58
      2 11.53
      2 11.4
      2 11.35
      2 11.25
      2 11.24
      2 11.18
      2 11.14
      2 11.09
      2 11.05
      2 11.01
      2 10.92
      2 10.9
      2 10.83
      2 1.08
      2 10.67
      2 10.65
      2 10.63
      2 10.54
      2 10.48
      2 10.36
      2 10.31
      2 10.28
      2 10.24
      2 10.23
      2 10.21
      2 10.17
      2 0.88
      2 0.12
      2 0.11
      2 0.07
      1 tip_amount
      1 9.97
      1 99.1
      1 9.91
      1 99.0
      1 9.89
      1 9.85
      1 9.78
      1 9.73
      1 9.71
      1 9.69
      1 9.54
      1 9.53
      1 9.51
      1 9.33
      1 9.27
      1 9.17
      1 9.11
      1 9.07
      1 9.04
      1 8.99
      1 8.98
      1 8.91
      1 8.79
      1 8.74
      1 8.73
      1 8.65
      1 8.59
      1 8.55
      1 85.4
      1 8.54
      1 8.52
      1 8.47
      1 8.46
      1 8.41
      1 83.15
      1 8.31
      1 8.27
      1 82.66
      1 8.14
      1 8.13
      1 8.12
      1 8.11
      1 8.07
      1 80.0
      1 79.88
      1 7.87
      1 7.85
      1 7.84
      1 7.82
      1 7.81
      1 7.8
      1 7.77
      1 7.68
      1 7.63
      1 7.49
      1 7.46
      1 74.58
      1 7.45
      1 74.3
      1 7.43
      1 7.4
      1 7.38
      1 7.33
      1 7.32
      1 73.0
      1 7.3
      1 72.66
      1 7.22
      1 7.18
      1 7.17
      1 71.64
      1 71.48
      1 7.1
      1 70.5
      1 7.03
      1 6.99
      1 6.96
      1 69.2
      1 6.9
      1 68.66
      1 68.64
      1 68.56
      1 6.85
      1 6.83
      1 67.86
      1 6.78
      1 67.4
      1 6.71
      1 6.63
      1 66.0
      1 6.59
      1 6.55
      1 6.52
      1 65.11
      1 64.61
      1 64.56
      1 6.44
      1 6.41
      1 6.4
      1 6.39
      1 63.65
      1 63.56
      1 6.27
      1 6.25
      1 6.24
      1 6.22
      1 6.19
      1 6.18
      1 61.7
      1 6.13
      1 6.11
      1 6.04
      1 60.26
      1 6.01
      1 59.71
      1 5.97
      1 5.95
      1 5.93
      1 59.11
      1 58.11
      1 57.88
      1 57.78
      1 57.62
      1 5.69
      1 56.66
      1 5.66
      1 56.28
      1 56.25
      1 5.62
      1 56.0
      1 5.6
      1 55.9
      1 55.8
      1 55.78
      1 55.2
      1 5.45
      1 5.44
      1 53.77
      1 5.35
      1 53.01
      1 5.3
      1 52.81
      1 52.7
      1 52.66
      1 52.61
      1 51.84
      1 51.66
      1 51.45
      1 5.14
      1 51.19
      1 51.11
      1 5.1
      1 50.88
      1 50.76
      1 50.68
      1 50.5
      1 50.23
      1 5.02
      1 49.95
      1 49.61
      1 4.9
      1 48.99
      1 4.86
      1 48.54
      1 48.46
      1 48.36
      1 4.82
      1 48.09
      1 4.8
      1 47.98
      1 47.8
      1 4.77
      1 47.58
      1 47.5
      1 47.39
      1 4.73
      1 47.1
      1 47.0
      1 46.7
      1 46.66
      1 46.58
      1 46.31
      1 46.25
      1 46.2
      1 46.18
      1 4.6
      1 45.86
      1 45.8
      1 4.58
      1 4.56
      1 45.36
      1 45.31
      1 45.26
      1 45.24
      1 45.01
      1 44.98
      1 4.49
      1 44.85
      1 44.81
      1 44.7
      1 44.61
      1 4.43
      1 4.42
      1 44.15
      1 4.41
      1 44.0
      1 43.95
      1 43.88
      1 4.38
      1 43.75
      1 43.68
      1 4.36
      1 43.36
      1 4.33
      1 4.32
      1 43.06
      1 42.98
      1 42.91
      1 4.28
      1 42.76
      1 42.6
      1 42.39
      1 42.18
      1 42.15
      1 41.85
      1 4.18
      1 4.17
      1 4.16
      1 4.15
      1 41.41
      1 41.21
      1 41.19
      1 41.18
      1 40.95
      1 40.88
      1 40.83
      1 4.08
      1 40.73
      1 40.71
      1 4.07
      1 40.66
      1 4.06
      1 40.58
      1 40.4
      1 4.04
      1 40.31
      1 4.03
      1 40.1
      1 40.01
      1 39.99
      1 39.95
      1 39.9
      1 3.99
      1 39.68
      1 3.96
      1 39.58
      1 39.51
      1 3.95
      1 39.46
      1 39.38
      1 3.93
      1 39.24
      1 39.04
      1 38.85
      1 38.78
      1 38.64
      1 38.61
      1 38.6
      1 3.86
      1 38.48
      1 38.2
      1 38.18
      1 38.1
      1 38.04
      1 38.0
      1 37.81
      1 37.8
      1 37.75
      1 37.74
      1 37.69
      1 37.63
      1 3.76
      1 37.58
      1 37.5
      1 3.75
      1 37.36
      1 37.35
      1 37.31
      1 37.25
      1 37.21
      1 3.72
      1 37.13
      1 37.08
      1 37.01
      1 37.0
      1 36.99
      1 36.82
      1 36.76
      1 36.71
      1 36.7
      1 36.65
      1 36.6
      1 3.66
      1 36.58
      1 36.56
      1 36.51
      1 36.5
      1 36.46
      1 36.31
      1 36.28
      1 36.27
      1 36.18
      1 36.15
      1 3.61
      1 36.05
      1 35.93
      1 35.9
      1 35.88
      1 35.87
      1 35.86
      1 35.81
      1 3.58
      1 35.75
      1 35.72
      1 35.69
      1 35.66
      1 3.56
      1 35.58
      1 35.56
      1 35.49
      1 35.48
      1 35.28
      1 35.25
      1 35.2
      1 3.52
      1 35.19
      1 35.11
      1 35.06
      1 35.01
      1 3.5
      1 34.89
      1 34.8
      1 34.75
      1 34.71
      1 34.7
      1 34.68
      1 34.66
      1 34.56
      1 34.55
      1 34.51
      1 3.45
      1 34.48
      1 34.44
      1 34.41
      1 3.44
      1 34.29
      1 34.2
      1 3.42
      1 34.15
      1 34.04
      1 34.01
      1 3.4
      1 33.97
      1 3.39
      1 33.88
      1 33.85
      1 33.84
      1 33.7
      1 3.37
      1 33.69
      1 33.67
      1 33.64
      1 3.36
      1 33.51
      1 33.5
      1 3.35
      1 33.41
      1 33.39
      1 33.35
      1 3.33
      1 33.21
      1 33.2
      1 3.32
      1 33.16
      1 33.09
      1 33.08
      1 3.3
      1 32.94
      1 3.29
      1 32.85
      1 32.82
      1 32.78
      1 32.68
      1 32.64
      1 32.61
      1 32.6
      1 32.58
      1 32.56
      1 32.53
      1 32.51
      1 32.49
      1 32.39
      1 32.38
      1 32.35
      1 32.25
      1 32.2
      1 32.18
      1 32.15
      1 32.11
      1 32.1
      1 32.08
      1 3.2
      1 31.95
      1 31.81
      1 31.78
      1 31.71
      1 3.17
      1 31.65
      1 31.58
      1 31.57
      1 31.56
      1 31.55
      1 31.48
      1 31.45
      1 31.44
      1 31.4
      1 31.39
      1 31.31
      1 31.3
      1 31.29
      1 31.28
      1 31.25
      1 31.2
      1 3.12
      1 31.16
      1 31.14
      1 3.11
      1 31.08
      1 31.07
      1 31.06
      1 30.99
      1 30.98
      1 30.96
      1 30.88
      1 30.85
      1 30.84
      1 30.82
      1 3.08
      1 30.78
      1 30.7
      1 30.56
      1 30.55
      1 30.54
      1 30.5
      1 3.05
      1 30.45
      1 30.39
      1 30.38
      1 30.25
      1 30.23
      1 30.22
      1 30.16
      1 30.09
      1 30.07
      1 30.06
      1 29.96
      1 29.9
      1 29.79
      1 29.75
      1 29.66
      1 29.6
      1 29.56
      1 29.55
      1 2.95
      1 29.49
      1 29.48
      1 29.41
      1 29.38
      1 29.36
      1 29.34
      1 29.32
      1 29.3
      1 29.28
      1 29.26
      1 29.25
      1 29.21
      1 29.2
      1 29.18
      1 28.96
      1 28.91
      1 28.85
      1 28.8
      1 28.75
      1 28.57
      1 28.56
      1 28.53
      1 28.44
      1 28.22
      1 28.21
      1 28.15
      1 28.1
      1 28.07
      1 28.06
      1 28.01
      1 27.92
      1 27.87
      1 27.65
      1 27.61
      1 27.6
      1 27.58
      1 27.56
      1 27.45
      1 27.42
      1 27.41
      1 27.34
      1 27.31
      1 27.28
      1 27.26
      1 27.25
      1 27.18
      1 27.15
      1 27.13
      1 27.07
      1 27.03
      1 26.98
      1 26.97
      1 26.8
      1 26.79
      1 26.78
      1 26.77
      1 26.73
      1 26.61
      1 2.66
      1 26.51
      1 26.43
      1 26.4
      1 26.31
      1 26.28
      1 26.27
      1 26.21
      1 26.11
      1 26.1
      1 26.07
      1 26.01
      1 25.94
      1 25.93
      1 25.92
      1 25.87
      1 25.86
      1 25.85
      1 2.58
      1 25.77
      1 25.72
      1 25.71
      1 25.68
      1 25.61
      1 25.6
      1 25.59
      1 25.56
      1 25.47
      1 25.33
      1 25.3
      1 25.21
      1 24.9
      1 24.88
      1 24.78
      1 24.74
      1 24.63
      1 24.52
      1 24.51
      1 24.31
      1 24.25
      1 24.23
      1 24.21
      1 24.17
      1 24.14
      1 24.02
      1 23.87
      1 23.84
      1 23.72
      1 23.69
      1 23.67
      1 23.52
      1 23.48
      1 23.47
      1 23.43
      1 23.42
      1 23.41
      1 23.37
      1 23.28
      1 23.13
      1 23.1
      1 23.04
      1 22.92
      1 22.91
      1 22.81
      1 22.73
      1 22.64
      1 22.62
      1 22.53
      1 225.0
      1 22.5
      1 22.49
      1 22.48
      1 22.44
      1 22.31
      1 2.23
      1 22.04
      1 22.01
      1 21.97
      1 21.94
      1 21.92
      1 21.89
      1 21.83
      1 21.77
      1 21.74
      1 21.71
      1 21.67
      1 2.15
      1 21.41
      1 21.37
      1 21.23
      1 21.11
      1 21.03
      1 20.81
      1 20.77
      1 20.74
      1 20.62
      1 20.53
      1 20.52
      1 20.44
      1 20.42
      1 20.29
      1 20.13
      1 20.03
      1 19.99
      1 19.98
      1 19.93
      1 19.91
      1 19.72
      1 19.71
      1 19.69
      1 19.53
      1 19.43
      1 19.31
      1 19.29
      1 19.27
      1 19.23
      1 18.93
      1 18.92
      1 18.91
      1 18.87
      1 1.88
      1 18.69
      1 18.62
      1 18.59
      1 18.53
      1 18.43
      1 18.41
      1 18.37
      1 1.83
      1 18.27
      1 18.22
      1 18.07
      1 18.03
      1 1.8
      1 17.97
      1 17.89
      1 17.84
      1 17.71
      1 17.59
      1 17.53
      1 17.47
      1 17.43
      1 17.37
      1 17.29
      1 17.23
      1 17.19
      1 17.09
      1 17.03
      1 16.93
      1 16.77
      1 16.72
      1 16.69
      1 16.63
      1 16.33
      1 16.27
      1 16.24
      1 15.97
      1 15.84
      1 15.78
      1 15.73
      1 15.72
      1 15.69
      1 15.53
      1 1.55
      1 15.49
      1 15.42
      1 15.34
      1 15.33
      1 15.28
      1 15.19
      1 14.99
      1 14.98
      1 14.97
      1 14.94
      1 14.92
      1 14.89
      1 14.88
      1 14.84
      1 1.48
      1 14.67
      1 14.63
      1 14.59
      1 14.57
      1 14.37
      1 14.34
      1 14.29
      1 14.18
      1 14.13
      1 1.41
      1 14.09
      1 14.07
      1 1.4
      1 13.93
      1 13.89
      1 13.83
      1 13.82
      1 13.77
      1 13.63
      1 13.58
      1 13.52
      1 135.0
      1 1.35
      1 13.43
      1 13.38
      1 13.33
      1 13.29
      1 13.22
      1 13.14
      1 1.31
      1 13.02
      1 12.97
      1 12.93
      1 12.92
      1 12.83
      1 12.78
      1 12.59
      1 12.52
      1 12.51
      1 12.49
      1 12.43
      1 12.39
      1 12.37
      1 12.21
      1 12.09
      1 12.03
      1 120.0
      1 11.91
      1 11.89
      1 11.71
      1 11.69
      1 11.68
      1 11.64
      1 11.59
      1 11.48
      1 11.43
      1 11.39
      1 11.34
      1 11.33
      1 11.32
      1 11.28
      1 11.23
      1 11.13
      1 111.0
      1 11.03
      1 110.0
      1 10.95
      1 1.09
      1 10.89
      1 10.82
      1 10.77
      1 10.73
      1 10.69
      1 10.68
      1 10.64
      1 10.61
      1 10.59
      1 10.52
      1 10.44
      1 10.42
      1 10.38
      1 10.35
      1 10.14
      1 0.77
      1 0.76
      1 0.68
      1 0.54
      1 0.44
      1 0.33
      1 0.3
      1 0.22
      1 0.19
      1 0.17
      1 0.14
      1 0.09
      1 0.06
      1 0.03
